taille instance = 120 x 120
pourcentage de cases initialement remplies = 29.8 %
solveTime = 0.9238999 s
isOptimal = true

 1, 0, 1, 0, 1, 0, 0, 1, 0, 1, 0, 0, 1, 0, 1, 1, 0, 1, 1, 0, 0, 1, 1, 0, 0, 1, 0, 1, 0, 0, 1, 0, 0, 1, 0, 0, 1, 1, 0, 1, 0, 1, 0, 1, 1, 0, 1, 0, 0, 1, 0, 0, 1, 0, 1, 0, 1, 1, 0, 1, 1, 0, 1, 0, 0, 1, 0, 1, 0, 1, 1, 0, 1, 1, 0, 0, 1, 1, 0, 1, 0, 1, 0, 1, 0, 1, 1, 0, 1, 0, 1, 0, 1, 1, 0, 1, 0, 0, 1, 1, 0, 0, 1, 0, 0, 1, 0, 0, 1, 1, 0, 1, 1, 0, 0, 1, 0, 0, 1, 1
 1, 1, 0, 1, 1, 0, 1, 0, 0, 1, 0, 1, 0, 1, 0, 0, 1, 1, 0, 1, 0, 1, 0, 0, 1, 0, 1, 0, 1, 1, 0, 1, 0, 1, 1, 0, 0, 1, 1, 0, 0, 1, 1, 0, 0, 1, 1, 0, 1, 0, 0, 1, 0, 0, 1, 0, 1, 0, 1, 1, 0, 0, 1, 0, 1, 0, 0, 1, 0, 1, 0, 0, 1, 0, 1, 1, 0, 1, 0, 1, 0, 1, 1, 0, 1, 0, 1, 0, 0, 1, 0, 1, 0, 0, 1, 1, 0, 1, 1, 0, 0, 1, 1, 0, 1, 1, 0, 1, 0, 0, 1, 0, 0, 1, 1, 0, 1, 1, 0, 0
 0, 0, 1, 1, 0, 1, 1, 0, 1, 0, 1, 0, 1, 0, 0, 1, 0, 0, 1, 0, 1, 0, 1, 1, 0, 1, 0, 1, 0, 0, 1, 0, 1, 0, 0, 1, 0, 0, 1, 0, 1, 0, 1, 0, 0, 1, 0, 1, 1, 0, 1, 1, 0, 1, 0, 1, 0, 1, 1, 0, 1, 1, 0, 1, 0, 1, 1, 0, 1, 0, 1, 1, 0, 1, 0, 0, 1, 0, 1, 0, 1, 0, 0, 1, 0, 1, 0, 1, 1, 0, 1, 1, 0, 1, 0, 0, 1, 0, 0, 1, 1, 0, 0, 1, 1, 0, 1, 1, 0, 1, 0, 0, 1, 0, 0, 1, 0, 0, 1, 1
 0, 0, 1, 0, 0, 1, 0, 1, 1, 0, 1, 1, 0, 1, 1, 0, 1, 0, 1, 1, 0, 1, 1, 0, 1, 0, 1, 0, 0, 1, 1, 0, 0, 1, 0, 1, 1, 0, 0, 1, 0, 1, 0, 1, 1, 0, 0, 1, 0, 1, 0, 0, 1, 0, 1, 0, 1, 0, 0, 1, 0, 1, 0, 1, 1, 0, 1, 1, 0, 1, 1, 0, 1, 0, 0, 1, 0, 1, 0, 1, 0, 1, 0, 1, 1, 0, 1, 0, 0, 1, 1, 0, 1, 0, 1, 1, 0, 0, 1, 0, 0, 1, 0, 1, 0, 1, 0, 0, 1, 1, 0, 1, 0, 1, 0, 0, 1, 1, 0, 0
 1, 1, 0, 1, 1, 0, 1, 0, 0, 1, 0, 1, 1, 0, 1, 1, 0, 1, 0, 1, 1, 0, 0, 1, 1, 0, 0, 1, 1, 0, 0, 1, 1, 0, 1, 0, 0, 1, 1, 0, 1, 0, 0, 1, 0, 0, 1, 0, 0, 1, 1, 0, 1, 1, 0, 1, 0, 1, 0, 0, 1, 0, 1, 0, 1, 1, 0, 0, 1, 0, 0, 1, 1, 0, 1, 0, 0, 1, 0, 0, 1, 0, 1, 0, 0, 1, 0, 0, 1, 0, 0, 1, 0, 1, 0, 1, 0, 1, 0, 1, 1, 0, 1, 0, 1, 1, 0, 1, 1, 0, 1, 1, 0, 0, 1, 0, 0, 1, 1, 0
 0, 1, 0, 0, 1, 1, 0, 1, 1, 0, 1, 0, 0, 1, 0, 1, 0, 1, 1, 0, 0, 1, 0, 1, 0, 1, 0, 0, 1, 0, 1, 0, 0, 1, 0, 1, 1, 0, 1, 1, 0, 1, 1, 0, 1, 1, 0, 1, 1, 0, 0, 1, 0, 0, 1, 0, 1, 0, 1, 0, 1, 0, 1, 0, 0, 1, 0, 1, 0, 0, 1, 1, 0, 1, 1, 0, 1, 0, 1, 0, 1, 1, 0, 1, 0, 0, 1, 1, 0, 1, 0, 1, 0, 1, 1, 0, 1, 0, 0, 1, 1, 0, 0, 1, 0, 0, 1, 0, 0, 1, 0, 0, 1, 0, 0, 1, 1, 0, 1, 1
 1, 0, 1, 1, 0, 0, 1, 0, 1, 1, 0, 1, 0, 0, 1, 0, 1, 0, 0, 1, 1, 0, 1, 0, 1, 0, 1, 1, 0, 1, 0, 0, 1, 0, 0, 1, 1, 0, 0, 1, 0, 0, 1, 1, 0, 1, 1, 0, 1, 0, 1, 1, 0, 1, 1, 0, 1, 1, 0, 1, 0, 1, 0, 1, 0, 0, 1, 0, 0, 1, 0, 0, 1, 1, 0, 1, 0, 0, 1, 1, 0, 1, 0, 0, 1, 0, 1, 0, 1, 0, 1, 0, 1, 0, 0, 1, 0, 1, 1, 0, 0, 1, 1, 0, 0, 1, 0, 1, 0, 0, 1, 1, 0, 1, 0, 1, 1, 0, 0, 1
 0, 0, 1, 0, 1, 1, 0, 1, 0, 1, 0, 0, 1, 1, 0, 0, 1, 1, 0, 1, 0, 0, 1, 0, 0, 1, 1, 0, 1, 0, 0, 1, 0, 1, 1, 0, 0, 1, 1, 0, 1, 1, 0, 1, 1, 0, 1, 0, 0, 1, 0, 0, 1, 0, 0, 1, 0, 0, 1, 0, 1, 1, 0, 1, 1, 0, 0, 1, 1, 0, 0, 1, 0, 0, 1, 0, 1, 1, 0, 1, 1, 0, 1, 1, 0, 1, 0, 1, 0, 0, 1, 1, 0, 0, 1, 0, 0, 1, 1, 0, 1, 1, 0, 1, 1, 0, 0, 1, 1, 0, 1, 0, 0, 1, 1, 0, 0, 1, 1, 0
 1, 1, 0, 0, 1, 0, 0, 1, 0, 0, 1, 0, 1, 0, 1, 1, 0, 0, 1, 0, 1, 1, 0, 1, 0, 1, 0, 1, 0, 0, 1, 0, 0, 1, 1, 0, 1, 0, 0, 1, 0, 1, 1, 0, 1, 1, 0, 1, 1, 0, 1, 0, 1, 0, 1, 0, 1, 0, 0, 1, 1, 0, 1, 0, 0, 1, 0, 1, 1, 0, 1, 1, 0, 1, 0, 1, 0, 1, 1, 0, 0, 1, 0, 0, 1, 0, 1, 0, 1, 1, 0, 0, 1, 1, 0, 1, 1, 0, 0, 1, 0, 0, 1, 0, 0, 1, 1, 0, 0, 1, 0, 0, 1, 0, 1, 0, 1, 0, 1, 1
 1, 1, 0, 1, 0, 0, 1, 0, 1, 1, 0, 1, 0, 1, 0, 0, 1, 1, 0, 1, 0, 0, 1, 0, 1, 0, 1, 0, 0, 1, 0, 0, 1, 0, 0, 1, 0, 1, 1, 0, 1, 0, 0, 1, 0, 0, 1, 0, 1, 1, 0, 1, 0, 1, 1, 0, 1, 1, 0, 1, 0, 1, 0, 1, 0, 1, 1, 0, 0, 1, 0, 0, 1, 0, 1, 0, 1, 0, 0, 1, 1, 0, 1, 1, 0, 0, 1, 1, 0, 0, 1, 1, 0, 0, 1, 1, 0, 0, 1, 1, 0, 1, 0, 1, 0, 0, 1, 0, 1, 0, 1, 1, 0, 1, 0, 1, 1, 0, 0, 1
 0, 0, 1, 0, 1, 1, 0, 0, 1, 0, 1, 0, 1, 0, 1, 0, 0, 1, 1, 0, 0, 1, 0, 1, 0, 1, 1, 0, 1, 0, 1, 1, 0, 1, 0, 1, 1, 0, 0, 1, 1, 0, 1, 0, 1, 1, 0, 1, 0, 0, 1, 0, 1, 0, 0, 1, 0, 1, 1, 0, 1, 0, 1, 0, 1, 0, 0, 1, 1, 0, 1, 0, 1, 1, 0, 1, 0, 0, 1, 0, 0, 1, 0, 0, 1, 1, 0, 1, 0, 1, 1, 0, 0, 1, 1, 0, 0, 1, 1, 0, 1, 1, 0, 0, 1, 1, 0, 1, 0, 1, 1, 0, 1, 0, 1, 0, 0, 1, 0, 0
 1, 1, 0, 1, 0, 1, 0, 1, 0, 1, 0, 0, 1, 0, 0, 1, 1, 0, 0, 1, 1, 0, 0, 1, 1, 0, 0, 1, 0, 1, 1, 0, 1, 0, 1, 0, 1, 0, 1, 0, 0, 1, 0, 1, 0, 0, 1, 0, 1, 1, 0, 1, 0, 1, 1, 0, 1, 0, 1, 1, 0, 0, 1, 0, 1, 0, 1, 1, 0, 0, 1, 1, 0, 0, 1, 1, 0, 1, 0, 0, 1, 0, 1, 1, 0, 0, 1, 0, 1, 1, 0, 0, 1, 1, 0, 1, 1, 0, 0, 1, 0, 0, 1, 0, 1, 1, 0, 0, 1, 0, 0, 1, 0, 1, 0, 0, 1, 0, 1, 1
 0, 0, 1, 0, 1, 0, 1, 1, 0, 0, 1, 1, 0, 1, 0, 1, 1, 0, 1, 0, 0, 1, 1, 0, 0, 1, 1, 0, 1, 1, 0, 1, 0, 1, 0, 1, 0, 1, 0, 1, 0, 1, 0, 0, 1, 1, 0, 0, 1, 0, 0, 1, 0, 1, 1, 0, 1, 0, 0, 1, 0, 1, 0, 1, 0, 1, 0, 0, 1, 1, 0, 1, 1, 0, 1, 0, 1, 0, 0, 1, 0, 1, 0, 1, 0, 1, 0, 0, 1, 0, 0, 1, 1, 0, 0, 1, 0, 1, 1, 0, 1, 0, 1, 1, 0, 0, 1, 1, 0, 0, 1, 0, 1, 0, 1, 1, 0, 1, 0, 1
 1, 1, 0, 0, 1, 0, 1, 0, 1, 1, 0, 1, 0, 1, 1, 0, 0, 1, 1, 0, 1, 1, 0, 1, 0, 0, 1, 1, 0, 0, 1, 0, 1, 1, 0, 0, 1, 0, 1, 0, 1, 0, 1, 0, 0, 1, 0, 1, 0, 1, 1, 0, 1, 0, 0, 1, 0, 1, 0, 0, 1, 0, 1, 1, 0, 1, 0, 1, 0, 1, 1, 0, 0, 1, 0, 1, 1, 0, 1, 0, 1, 0, 1, 0, 1, 0, 1, 1, 0, 0, 1, 0, 0, 1, 1, 0, 1, 0, 0, 1, 0, 1, 0, 0, 1, 0, 1, 0, 0, 1, 0, 1, 1, 0, 0, 1, 0, 1, 1, 0
 0, 1, 0, 1, 0, 1, 0, 0, 1, 1, 0, 0, 1, 0, 0, 1, 0, 1, 0, 1, 1, 0, 1, 0, 1, 0, 0, 1, 1, 0, 1, 1, 0, 0, 1, 0, 0, 1, 1, 0, 0, 1, 0, 1, 1, 0, 1, 1, 0, 1, 0, 0, 1, 0, 0, 1, 1, 0, 1, 0, 1, 1, 0, 0, 1, 0, 1, 0, 1, 0, 0, 1, 0, 0, 1, 1, 0, 1, 0, 1, 0, 1, 1, 0, 1, 0, 1, 0, 0, 1, 1, 0, 1, 0, 1, 1, 0, 1, 1, 0, 0, 1, 1, 0, 1, 1, 0, 1, 1, 0, 0, 1, 0, 1, 0, 0, 1, 0, 0, 1
 1, 0, 1, 1, 0, 0, 1, 1, 0, 0, 1, 0, 0, 1, 0, 1, 1, 0, 1, 0, 0, 1, 0, 0, 1, 1, 0, 0, 1, 1, 0, 1, 1, 0, 1, 1, 0, 1, 0, 1, 0, 0, 1, 1, 0, 1, 0, 0, 1, 0, 0, 1, 0, 1, 1, 0, 1, 1, 0, 1, 0, 0, 1, 0, 1, 1, 0, 1, 0, 1, 0, 0, 1, 1, 0, 0, 1, 1, 0, 1, 0, 1, 0, 1, 0, 1, 0, 0, 1, 1, 0, 1, 0, 1, 0, 0, 1, 1, 0, 0, 1, 0, 1, 1, 0, 0, 1, 0, 0, 1, 1, 0, 0, 1, 1, 0, 0, 1, 1, 0
 0, 0, 1, 0, 1, 1, 0, 0, 1, 0, 1, 1, 0, 1, 1, 0, 0, 1, 0, 0, 1, 1, 0, 1, 0, 0, 1, 1, 0, 1, 0, 0, 1, 1, 0, 1, 1, 0, 1, 0, 1, 0, 1, 0, 1, 0, 1, 0, 1, 0, 1, 0, 1, 0, 1, 1, 0, 0, 1, 1, 0, 0, 1, 1, 0, 1, 1, 0, 1, 0, 1, 1, 0, 0, 1, 1, 0, 0, 1, 0, 1, 0, 1, 0, 1, 0, 0, 1, 0, 0, 1, 0, 1, 0, 1, 0, 1, 0, 0, 1, 0, 1, 0, 0, 1, 1, 0, 1, 0, 1, 1, 0, 1, 0, 0, 1, 1, 0, 0, 1
 1, 1, 0, 1, 0, 1, 0, 1, 0, 1, 0, 0, 1, 0, 1, 1, 0, 0, 1, 1, 0, 0, 1, 1, 0, 1, 1, 0, 1, 0, 1, 1, 0, 0, 1, 0, 1, 1, 0, 0, 1, 1, 0, 1, 0, 0, 1, 1, 0, 1, 0, 1, 0, 1, 0, 1, 0, 1, 0, 0, 1, 1, 0, 1, 0, 0, 1, 1, 0, 0, 1, 1, 0, 1, 0, 0, 1, 0, 0, 1, 1, 0, 0, 1, 0, 1, 1, 0, 1, 1, 0, 0, 1, 0, 0, 1, 0, 1, 1, 0, 0, 1, 1, 0, 1, 0, 1, 0, 1, 0, 0, 1, 0, 1, 0, 1, 0, 0, 1, 0
 1, 0, 1, 0, 1, 0, 1, 0, 1, 0, 1, 1, 0, 1, 0, 0, 1, 0, 1, 0, 1, 1, 0, 0, 1, 1, 0, 1, 0, 1, 0, 0, 1, 1, 0, 1, 0, 0, 1, 1, 0, 1, 0, 1, 0, 1, 0, 0, 1, 1, 0, 0, 1, 1, 0, 0, 1, 0, 1, 0, 1, 0, 1, 0, 1, 0, 0, 1, 0, 1, 0, 0, 1, 1, 0, 1, 0, 1, 0, 1, 0, 1, 1, 0, 1, 0, 0, 1, 1, 0, 1, 1, 0, 1, 0, 1, 0, 0, 1, 0, 1, 0, 0, 1, 0, 0, 1, 0, 1, 1, 0, 1, 1, 0, 1, 0, 0, 1, 0, 1
 0, 1, 1, 0, 0, 1, 0, 1, 0, 1, 0, 0, 1, 1, 0, 1, 0, 1, 0, 1, 1, 0, 0, 1, 1, 0, 1, 1, 0, 0, 1, 1, 0, 0, 1, 0, 1, 1, 0, 1, 0, 0, 1, 0, 1, 0, 1, 1, 0, 0, 1, 1, 0, 0, 1, 1, 0, 1, 0, 1, 0, 1, 0, 0, 1, 1, 0, 0, 1, 0, 1, 0, 1, 0, 1, 0, 1, 0, 1, 0, 0, 1, 1, 0, 0, 1, 0, 1, 0, 1, 1, 0, 1, 0, 1, 0, 1, 1, 0, 1, 0, 1, 0, 1, 0, 1, 0, 1, 0, 0, 1, 0, 0, 1, 1, 0, 1, 0, 1, 0
 1, 1, 0, 1, 0, 0, 1, 1, 0, 0, 1, 1, 0, 0, 1, 0, 0, 1, 0, 1, 0, 1, 1, 0, 0, 1, 0, 0, 1, 1, 0, 1, 0, 0, 1, 1, 0, 0, 1, 0, 1, 1, 0, 1, 1, 0, 0, 1, 1, 0, 0, 1, 0, 1, 0, 0, 1, 0, 1, 0, 1, 0, 1, 1, 0, 0, 1, 1, 0, 0, 1, 1, 0, 0, 1, 1, 0, 1, 0, 1, 1, 0, 0, 1, 0, 1, 1, 0, 1, 0, 0, 1, 0, 1, 0, 0, 1, 0, 0, 1, 1, 0, 1, 0, 1, 0, 1, 1, 0, 1, 1, 0, 1, 0, 0, 1, 1, 0, 0, 1
 1, 0, 1, 0, 1, 1, 0, 0, 1, 1, 0, 0, 1, 1, 0, 0, 1, 0, 1, 0, 1, 0, 1, 0, 0, 1, 1, 0, 1, 1, 0, 0, 1, 1, 0, 0, 1, 1, 0, 1, 1, 0, 0, 1, 0, 1, 1, 0, 0, 1, 0, 0, 1, 1, 0, 0, 1, 1, 0, 1, 0, 0, 1, 0, 1, 0, 1, 0, 1, 1, 0, 0, 1, 1, 0, 0, 1, 1, 0, 0, 1, 0, 0, 1, 1, 0, 0, 1, 1, 0, 1, 0, 1, 1, 0, 1, 0, 1, 1, 0, 1, 0, 0, 1, 0, 1, 1, 0, 1, 0, 0, 1, 1, 0, 0, 1, 0, 1, 0, 0
 0, 1, 0, 1, 1, 0, 1, 0, 1, 0, 0, 1, 1, 0, 1, 1, 0, 0, 1, 0, 0, 1, 0, 1, 1, 0, 0, 1, 0, 0, 1, 0, 0, 1, 1, 0, 1, 0, 0, 1, 0, 1, 1, 0, 1, 1, 0, 0, 1, 0, 1, 1, 0, 0, 1, 1, 0, 0, 1, 0, 1, 1, 0, 0, 1, 1, 0, 1, 0, 0, 1, 1, 0, 0, 1, 0, 1, 0, 1, 1, 0, 1, 1, 0, 1, 0, 1, 1, 0, 1, 0, 1, 0, 0, 1, 0, 0, 1, 0, 1, 0, 1, 0, 0, 1, 1, 0, 0, 1, 0, 1, 0, 0, 1, 1, 0, 1, 0, 1, 1
 1, 0, 0, 1, 0, 0, 1, 1, 0, 1, 1, 0, 0, 1, 0, 1, 0, 1, 0, 1, 0, 1, 0, 0, 1, 1, 0, 0, 1, 0, 0, 1, 1, 0, 0, 1, 0, 0, 1, 0, 0, 1, 0, 0, 1, 0, 1, 1, 0, 1, 0, 1, 1, 0, 1, 0, 0, 1, 1, 0, 1, 0, 1, 1, 0, 1, 1, 0, 1, 1, 0, 0, 1, 1, 0, 1, 0, 0, 1, 0, 1, 0, 1, 1, 0, 1, 0, 0, 1, 0, 1, 0, 1, 1, 0, 1, 1, 0, 0, 1, 1, 0, 1, 1, 0, 0, 1, 1, 0, 1, 0, 1, 0, 0, 1, 0, 0, 1, 1, 0
 0, 1, 1, 0, 0, 1, 0, 0, 1, 0, 1, 0, 1, 0, 1, 0, 1, 0, 1, 0, 1, 0, 1, 1, 0, 1, 1, 0, 1, 1, 0, 0, 1, 1, 0, 1, 0, 1, 0, 1, 1, 0, 1, 1, 0, 1, 1, 0, 1, 0, 1, 0, 0, 1, 0, 0, 1, 1, 0, 1, 0, 0, 1, 1, 0, 0, 1, 0, 0, 1, 1, 0, 1, 0, 1, 1, 0, 1, 0, 1, 0, 1, 0, 1, 0, 0, 1, 0, 0, 1, 0, 1, 0, 0, 1, 0, 0, 1, 1, 0, 0, 1, 1, 0, 0, 1, 0, 1, 1, 0, 0, 1, 1, 0, 0, 1, 0, 1, 0, 1
 0, 1, 1, 0, 1, 0, 0, 1, 1, 0, 0, 1, 0, 1, 0, 1, 1, 0, 0, 1, 1, 0, 1, 0, 1, 0, 1, 1, 0, 0, 1, 1, 0, 0, 1, 0, 1, 1, 0, 1, 1, 0, 0, 1, 0, 1, 0, 1, 0, 0, 1, 0, 1, 0, 1, 1, 0, 0, 1, 1, 0, 1, 0, 0, 1, 0, 0, 1, 1, 0, 0, 1, 0, 1, 0, 0, 1, 0, 0, 1, 1, 0, 1, 0, 1, 1, 0, 1, 1, 0, 1, 0, 1, 1, 0, 1, 1, 0, 1, 0, 1, 0, 0, 1, 1, 0, 1, 0, 0, 1, 1, 0, 0, 1, 0, 0, 1, 0, 1, 0
 1, 0, 0, 1, 0, 1, 1, 0, 0, 1, 1, 0, 0, 1, 0, 1, 0, 1, 1, 0, 0, 1, 0, 0, 1, 0, 0, 1, 0, 1, 0, 1, 0, 1, 0, 1, 1, 0, 1, 0, 0, 1, 1, 0, 1, 0, 1, 0, 1, 1, 0, 1, 0, 1, 1, 0, 1, 0, 1, 0, 1, 0, 1, 0, 0, 1, 1, 0, 1, 0, 1, 1, 0, 1, 0, 1, 0, 0, 1, 0, 0, 1, 0, 0, 1, 0, 0, 1, 0, 1, 0, 1, 0, 1, 1, 0, 1, 1, 0, 1, 0, 1, 1, 0, 1, 0, 1, 0, 1, 0, 0, 1, 1, 0, 1, 0, 0, 1, 0, 1
 1, 1, 0, 0, 1, 0, 1, 1, 0, 1, 0, 1, 1, 0, 1, 0, 0, 1, 0, 1, 1, 0, 1, 1, 0, 1, 0, 0, 1, 0, 1, 0, 1, 0, 1, 0, 0, 1, 1, 0, 1, 0, 1, 0, 0, 1, 1, 0, 1, 1, 0, 0, 1, 0, 0, 1, 0, 1, 0, 1, 0, 1, 0, 1, 0, 1, 1, 0, 0, 1, 1, 0, 1, 0, 1, 1, 0, 1, 0, 0, 1, 0, 1, 1, 0, 0, 1, 0, 1, 0, 1, 0, 1, 0, 0, 1, 0, 0, 1, 0, 1, 0, 0, 1, 0, 1, 0, 1, 1, 0, 0, 1, 0, 1, 0, 1, 1, 0, 1, 0
 0, 0, 1, 1, 0, 1, 0, 0, 1, 0, 1, 0, 1, 0, 0, 1, 1, 0, 0, 1, 0, 1, 1, 0, 0, 1, 1, 0, 1, 0, 1, 0, 1, 1, 0, 0, 1, 1, 0, 1, 1, 0, 0, 1, 1, 0, 0, 1, 0, 0, 1, 1, 0, 1, 1, 0, 0, 1, 1, 0, 0, 1, 1, 0, 1, 0, 0, 1, 0, 1, 0, 1, 0, 1, 0, 0, 1, 0, 1, 1, 0, 1, 0, 1, 0, 1, 1, 0, 1, 0, 1, 0, 0, 1, 1, 0, 1, 0, 1, 1, 0, 1, 1, 0, 0, 1, 1, 0, 0, 1, 1, 0, 1, 0, 1, 0, 0, 1, 0, 0
 1, 0, 0, 1, 1, 0, 0, 1, 0, 1, 0, 1, 0, 1, 1, 0, 0, 1, 1, 0, 1, 0, 0, 1, 1, 0, 1, 1, 0, 1, 0, 1, 0, 0, 1, 1, 0, 0, 1, 0, 0, 1, 1, 0, 0, 1, 1, 0, 1, 0, 1, 0, 1, 1, 0, 0, 1, 0, 0, 1, 1, 0, 1, 1, 0, 1, 1, 0, 1, 0, 0, 1, 0, 0, 1, 1, 0, 1, 1, 0, 0, 1, 0, 0, 1, 0, 0, 1, 0, 1, 0, 1, 1, 0, 0, 1, 0, 1, 0, 1, 0, 1, 0, 0, 1, 0, 1, 0, 1, 1, 0, 1, 0, 0, 1, 1, 0, 0, 1, 1
 0, 1, 0, 0, 1, 0, 1, 0, 0, 1, 0, 1, 0, 1, 1, 0, 1, 1, 0, 1, 0, 1, 0, 1, 0, 1, 0, 0, 1, 0, 0, 1, 0, 1, 0, 1, 0, 1, 0, 1, 1, 0, 0, 1, 1, 0, 0, 1, 0, 1, 0, 0, 1, 0, 0, 1, 0, 1, 1, 0, 0, 1, 0, 1, 0, 1, 0, 1, 0, 1, 1, 0, 1, 1, 0, 0, 1, 0, 0, 1, 1, 0, 1, 1, 0, 1, 1, 0, 1, 1, 0, 1, 0, 1, 1, 0, 0, 1, 0, 0, 1, 0, 1, 1, 0, 1, 0, 1, 0, 0, 1, 0, 1, 1, 0, 1, 1, 0, 1, 0
 0, 0, 1, 0, 0, 1, 0, 1, 1, 0, 1, 0, 1, 0, 0, 1, 0, 0, 1, 0, 1, 0, 1, 0, 1, 1, 0, 1, 0, 0, 1, 0, 1, 1, 0, 0, 1, 0, 1, 1, 0, 1, 0, 1, 0, 1, 1, 0, 1, 0, 1, 1, 0, 0, 1, 1, 0, 1, 1, 0, 1, 1, 0, 0, 1, 0, 1, 0, 1, 0, 1, 1, 0, 1, 1, 0, 0, 1, 0, 1, 0, 1, 1, 0, 1, 0, 0, 1, 0, 0, 1, 0, 1, 0, 0, 1, 1, 0, 1, 1, 0, 0, 1, 1, 0, 0, 1, 0, 0, 1, 1, 0, 0, 1, 0, 0, 1, 1, 0, 1
 1, 1, 0, 1, 1, 0, 1, 1, 0, 1, 0, 1, 0, 0, 1, 0, 1, 1, 0, 1, 1, 0, 0, 1, 0, 0, 1, 0, 1, 1, 0, 1, 0, 0, 1, 0, 0, 1, 1, 0, 0, 1, 1, 0, 1, 0, 1, 0, 0, 1, 0, 0, 1, 1, 0, 0, 1, 0, 0, 1, 1, 0, 1, 0, 0, 1, 0, 1, 0, 1, 0, 0, 1, 0, 1, 1, 0, 0, 1, 0, 1, 1, 0, 1, 1, 0, 1, 0, 1, 0, 0, 1, 0, 1, 0, 1, 0, 1, 1, 0, 0, 1, 0, 0, 1, 1, 0, 1, 1, 0, 0, 1, 1, 0, 1, 1, 0, 1, 0, 0
 1, 0, 0, 1, 1, 0, 1, 0, 1, 0, 1, 0, 0, 1, 1, 0, 0, 1, 1, 0, 0, 1, 0, 1, 1, 0, 1, 1, 0, 0, 1, 0, 1, 0, 0, 1, 1, 0, 0, 1, 1, 0, 1, 1, 0, 1, 0, 1, 0, 0, 1, 0, 0, 1, 0, 1, 1, 0, 1, 1, 0, 1, 0, 1, 0, 0, 1, 0, 1, 1, 0, 0, 1, 1, 0, 1, 1, 0, 0, 1, 0, 0, 1, 0, 0, 1, 0, 1, 0, 1, 0, 1, 1, 0, 1, 0, 1, 1, 0, 0, 1, 0, 0, 1, 0, 0, 1, 0, 0, 1, 1, 0, 0, 1, 0, 1, 1, 0, 1, 1
 0, 0, 1, 0, 0, 1, 0, 1, 1, 0, 1, 0, 1, 1, 0, 1, 1, 0, 1, 0, 1, 0, 1, 0, 0, 1, 0, 0, 1, 0, 1, 1, 0, 1, 1, 0, 1, 0, 0, 1, 1, 0, 0, 1, 0, 0, 1, 0, 1, 1, 0, 1, 1, 0, 1, 0, 0, 1, 0, 0, 1, 1, 0, 0, 1, 0, 0, 1, 0, 0, 1, 1, 0, 1, 1, 0, 0, 1, 1, 0, 1, 1, 0, 1, 1, 0, 0, 1, 0, 1, 1, 0, 0, 1, 0, 1, 1, 0, 0, 1, 1, 0, 1, 0, 1, 0, 0, 1, 1, 0, 1, 0, 1, 0, 1, 0, 0, 1, 0, 1
 1, 1, 0, 1, 0, 1, 1, 0, 0, 1, 0, 1, 0, 0, 1, 0, 0, 1, 0, 1, 0, 1, 0, 0, 1, 0, 1, 1, 0, 1, 0, 1, 0, 1, 0, 1, 0, 1, 1, 0, 0, 1, 0, 0, 1, 0, 0, 1, 1, 0, 1, 0, 1, 0, 1, 1, 0, 0, 1, 1, 0, 0, 1, 1, 0, 1, 1, 0, 0, 1, 0, 0, 1, 0, 1, 0, 1, 1, 0, 1, 0, 0, 1, 0, 0, 1, 1, 0, 1, 0, 0, 1, 1, 0, 1, 1, 0, 0, 1, 1, 0, 1, 0, 0, 1, 1, 0, 1, 1, 0, 0, 1, 0, 1, 0, 1, 1, 0, 1, 0
 1, 0, 1, 0, 1, 0, 0, 1, 0, 1, 1, 0, 1, 0, 0, 1, 0, 1, 0, 1, 1, 0, 0, 1, 0, 1, 0, 0, 1, 1, 0, 0, 1, 0, 1, 0, 1, 0, 1, 0, 0, 1, 1, 0, 0, 1, 0, 1, 0, 1, 0, 1, 0, 1, 0, 0, 1, 1, 0, 1, 0, 1, 0, 1, 1, 0, 0, 1, 1, 0, 1, 0, 1, 1, 0, 1, 0, 0, 1, 0, 1, 1, 0, 1, 0, 1, 0, 1, 0, 1, 1, 0, 1, 1, 0, 0, 1, 1, 0, 0, 1, 0, 1, 1, 0, 0, 1, 0, 0, 1, 0, 1, 1, 0, 1, 1, 0, 0, 1, 0
 0, 0, 1, 0, 0, 1, 0, 1, 1, 0, 1, 1, 0, 1, 1, 0, 1, 0, 1, 0, 0, 1, 1, 0, 1, 0, 1, 1, 0, 0, 1, 0, 1, 0, 0, 1, 1, 0, 0, 1, 1, 0, 0, 1, 1, 0, 1, 0, 1, 0, 1, 1, 0, 1, 0, 1, 0, 0, 1, 0, 1, 0, 1, 0, 0, 1, 1, 0, 0, 1, 0, 1, 0, 1, 0, 0, 1, 1, 0, 1, 0, 1, 0, 1, 1, 0, 0, 1, 1, 0, 0, 1, 0, 0, 1, 1, 0, 0, 1, 1, 0, 1, 0, 1, 0, 0, 1, 0, 1, 0, 1, 0, 1, 0, 1, 0, 1, 1, 0, 1
 1, 1, 0, 1, 1, 0, 1, 0, 0, 1, 0, 0, 1, 1, 0, 0, 1, 0, 0, 1, 0, 0, 1, 1, 0, 1, 0, 1, 0, 0, 1, 1, 0, 1, 1, 0, 0, 1, 0, 1, 1, 0, 1, 0, 1, 1, 0, 1, 0, 0, 1, 0, 1, 0, 1, 0, 1, 0, 1, 0, 0, 1, 0, 1, 0, 1, 1, 0, 1, 0, 0, 1, 1, 0, 1, 0, 1, 0, 1, 0, 1, 0, 1, 0, 0, 1, 1, 0, 1, 0, 0, 1, 1, 0, 1, 0, 0, 1, 0, 0, 1, 0, 1, 0, 1, 1, 0, 1, 1, 0, 0, 1, 0, 1, 0, 1, 1, 0, 1, 0
 0, 0, 1, 1, 0, 0, 1, 0, 1, 0, 1, 1, 0, 0, 1, 1, 0, 1, 1, 0, 1, 1, 0, 1, 0, 1, 0, 0, 1, 1, 0, 0, 1, 0, 0, 1, 0, 1, 1, 0, 0, 1, 0, 1, 0, 1, 1, 0, 1, 1, 0, 1, 1, 0, 0, 1, 0, 1, 0, 1, 0, 1, 0, 1, 1, 0, 0, 1, 0, 0, 1, 0, 0, 1, 0, 1, 0, 1, 0, 0, 1, 1, 0, 0, 1, 1, 0, 1, 0, 1, 1, 0, 1, 1, 0, 1, 1, 0, 0, 1, 0, 0, 1, 1, 0, 0, 1, 0, 0, 1, 0, 0, 1, 1, 0, 1, 0, 1, 0, 1
 1, 1, 0, 0, 1, 1, 0, 1, 1, 0, 0, 1, 1, 0, 1, 0, 1, 0, 0, 1, 1, 0, 1, 0, 1, 0, 1, 0, 1, 0, 1, 1, 0, 1, 1, 0, 1, 0, 1, 0, 0, 1, 1, 0, 1, 0, 1, 1, 0, 0, 1, 0, 0, 1, 0, 1, 0, 1, 0, 0, 1, 0, 1, 0, 1, 0, 1, 0, 1, 1, 0, 0, 1, 0, 1, 1, 0, 1, 0, 1, 0, 1, 0, 1, 0, 0, 1, 0, 0, 1, 0, 1, 0, 1, 0, 1, 0, 0, 1, 1, 0, 1, 0, 0, 1, 1, 0, 0, 1, 0, 1, 1, 0, 0, 1, 0, 0, 1, 0, 1
 1, 0, 1, 0, 0, 1, 1, 0, 0, 1, 0, 0, 1, 1, 0, 1, 0, 0, 1, 1, 0, 1, 1, 0, 1, 0, 0, 1, 0, 0, 1, 1, 0, 1, 0, 1, 0, 1, 0, 1, 1, 0, 0, 1, 0, 1, 0, 0, 1, 1, 0, 1, 0, 0, 1, 0, 1, 0, 1, 0, 1, 0, 0, 1, 0, 1, 0, 0, 1, 1, 0, 1, 1, 0, 1, 0, 1, 0, 1, 0, 1, 0, 1, 0, 0, 1, 0, 1, 1, 0, 0, 1, 1, 0, 1, 0, 1, 1, 0, 0, 1, 0, 1, 0, 1, 0, 1, 1, 0, 0, 1, 1, 0, 1, 1, 0, 1, 0, 1, 0
 0, 1, 0, 1, 1, 0, 0, 1, 0, 0, 1, 1, 0, 1, 1, 0, 1, 1, 0, 0, 1, 0, 0, 1, 0, 1, 0, 0, 1, 1, 0, 0, 1, 0, 0, 1, 1, 0, 1, 0, 1, 1, 0, 1, 1, 0, 0, 1, 0, 1, 0, 1, 1, 0, 1, 0, 0, 1, 0, 1, 0, 1, 1, 0, 0, 1, 0, 1, 0, 0, 1, 1, 0, 1, 0, 1, 0, 1, 0, 1, 0, 1, 0, 1, 1, 0, 0, 1, 0, 1, 1, 0, 1, 1, 0, 1, 0, 0, 1, 1, 0, 0, 1, 1, 0, 0, 1, 0, 1, 1, 0, 0, 1, 0, 0, 1, 0, 0, 1, 1
 0, 1, 0, 1, 0, 1, 1, 0, 1, 1, 0, 0, 1, 0, 0, 1, 0, 1, 0, 1, 0, 0, 1, 1, 0, 0, 1, 0, 1, 1, 0, 0, 1, 0, 1, 0, 1, 1, 0, 1, 0, 1, 1, 0, 0, 1, 1, 0, 1, 0, 1, 0, 0, 1, 0, 1, 1, 0, 1, 0, 1, 1, 0, 0, 1, 0, 1, 0, 0, 1, 1, 0, 1, 0, 1, 0, 1, 0, 1, 0, 0, 1, 0, 1, 0, 1, 1, 0, 0, 1, 1, 0, 0, 1, 0, 1, 1, 0, 1, 1, 0, 1, 0, 0, 1, 1, 0, 1, 0, 1, 1, 0, 0, 1, 0, 0, 1, 1, 0, 0
 1, 0, 1, 0, 1, 0, 1, 1, 0, 1, 0, 1, 0, 0, 1, 1, 0, 0, 1, 0, 1, 1, 0, 0, 1, 1, 0, 1, 0, 0, 1, 1, 0, 1, 0, 1, 0, 1, 0, 0, 1, 0, 0, 1, 1, 0, 0, 1, 0, 1, 0, 0, 1, 1, 0, 1, 0, 1, 1, 0, 1, 0, 1, 1, 0, 1, 0, 0, 1, 0, 0, 1, 0, 1, 0, 0, 1, 1, 0, 1, 1, 0, 1, 0, 1, 1, 0, 1, 1, 0, 0, 1, 0, 0, 1, 0, 1, 1, 0, 0, 1, 0, 1, 0, 1, 0, 1, 0, 1, 0, 0, 1, 1, 0, 1, 1, 0, 0, 1, 0
 1, 0, 0, 1, 0, 1, 0, 1, 1, 0, 1, 0, 1, 1, 0, 0, 1, 0, 1, 0, 1, 0, 0, 1, 1, 0, 1, 0, 1, 0, 0, 1, 1, 0, 0, 1, 1, 0, 1, 1, 0, 0, 1, 0, 1, 0, 1, 0, 1, 0, 1, 1, 0, 0, 1, 0, 1, 0, 0, 1, 0, 1, 0, 1, 1, 0, 1, 1, 0, 1, 0, 1, 1, 0, 0, 1, 0, 1, 1, 0, 0, 1, 1, 0, 1, 0, 1, 0, 0, 1, 0, 0, 1, 0, 1, 0, 0, 1, 0, 1, 0, 0, 1, 1, 0, 0, 1, 1, 0, 1, 1, 0, 0, 1, 0, 1, 0, 1, 0, 1
 0, 1, 1, 0, 0, 1, 1, 0, 1, 0, 0, 1, 0, 0, 1, 1, 0, 1, 0, 1, 0, 0, 1, 1, 0, 1, 0, 1, 0, 1, 1, 0, 0, 1, 1, 0, 1, 1, 0, 1, 0, 1, 1, 0, 0, 1, 0, 1, 0, 1, 1, 0, 1, 1, 0, 1, 0, 0, 1, 0, 0, 1, 0, 0, 1, 1, 0, 0, 1, 0, 1, 0, 0, 1, 1, 0, 1, 0, 1, 0, 0, 1, 0, 1, 0, 1, 0, 1, 0, 0, 1, 0, 0, 1, 0, 1, 0, 0, 1, 0, 1, 1, 0, 1, 0, 1, 0, 1, 1, 0, 0, 1, 1, 0, 1, 0, 1, 1, 0, 1
 0, 0, 1, 0, 1, 0, 0, 1, 0, 1, 1, 0, 1, 0, 0, 1, 1, 0, 1, 0, 1, 1, 0, 0, 1, 1, 0, 0, 1, 0, 1, 1, 0, 0, 1, 1, 0, 1, 0, 0, 1, 0, 0, 1, 0, 1, 1, 0, 1, 1, 0, 1, 0, 0, 1, 0, 0, 1, 1, 0, 1, 0, 1, 1, 0, 0, 1, 1, 0, 0, 1, 0, 1, 1, 0, 1, 0, 1, 0, 1, 1, 0, 0, 1, 1, 0, 1, 0, 1, 0, 0, 1, 1, 0, 1, 0, 1, 1, 0, 0, 1, 0, 1, 0, 1, 0, 1, 0, 1, 1, 0, 0, 1, 0, 1, 1, 0, 0, 1, 0
 1, 1, 0, 1, 1, 0, 0, 1, 1, 0, 0, 1, 0, 1, 1, 0, 0, 1, 1, 0, 1, 1, 0, 0, 1, 0, 1, 0, 1, 1, 0, 1, 1, 0, 0, 1, 0, 0, 1, 0, 0, 1, 0, 0, 1, 0, 1, 1, 0, 0, 1, 0, 0, 1, 1, 0, 1, 1, 0, 1, 0, 1, 0, 0, 1, 1, 0, 0, 1, 1, 0, 1, 1, 0, 1, 0, 0, 1, 0, 0, 1, 0, 1, 0, 0, 1, 1, 0, 1, 1, 0, 0, 1, 1, 0, 0, 1, 0, 1, 1, 0, 1, 0, 0, 1, 1, 0, 1, 0, 0, 1, 1, 0, 1, 0, 0, 1, 1, 0, 0
 0, 0, 1, 0, 0, 1, 1, 0, 0, 1, 1, 0, 1, 1, 0, 1, 0, 1, 0, 1, 0, 0, 1, 1, 0, 0, 1, 1, 0, 1, 1, 0, 1, 1, 0, 0, 1, 0, 0, 1, 1, 0, 1, 0, 0, 1, 0, 1, 1, 0, 0, 1, 1, 0, 0, 1, 0, 0, 1, 1, 0, 0, 1, 0, 0, 1, 0, 1, 0, 1, 1, 0, 0, 1, 0, 0, 1, 0, 1, 1, 0, 1, 1, 0, 1, 1, 0, 1, 0, 0, 1, 1, 0, 0, 1, 1, 0, 0, 1, 0, 0, 1, 0, 1, 0, 1, 0, 1, 0, 1, 0, 1, 1, 0, 1, 0, 1, 0, 1, 1
 0, 1, 0, 1, 0, 1, 0, 0, 1, 1, 0, 0, 1, 0, 0, 1, 1, 0, 1, 1, 0, 0, 1, 1, 0, 1, 0, 1, 1, 0, 0, 1, 0, 1, 1, 0, 0, 1, 1, 0, 1, 1, 0, 1, 0, 0, 1, 0, 0, 1, 1, 0, 0, 1, 1, 0, 1, 1, 0, 0, 1, 0, 0, 1, 0, 0, 1, 1, 0, 0, 1, 0, 1, 1, 0, 1, 0, 0, 1, 0, 1, 0, 0, 1, 1, 0, 1, 1, 0, 1, 1, 0, 0, 1, 0, 0, 1, 1, 0, 0, 1, 0, 1, 0, 1, 0, 1, 0, 1, 1, 0, 0, 1, 0, 1, 1, 0, 1, 0, 1
 1, 0, 1, 0, 1, 0, 0, 1, 0, 0, 1, 1, 0, 1, 1, 0, 0, 1, 1, 0, 1, 1, 0, 0, 1, 1, 0, 0, 1, 0, 1, 1, 0, 0, 1, 1, 0, 1, 0, 1, 0, 0, 1, 0, 1, 1, 0, 1, 1, 0, 0, 1, 0, 1, 0, 1, 0, 0, 1, 0, 0, 1, 1, 0, 1, 0, 1, 0, 1, 0, 0, 1, 0, 0, 1, 0, 1, 1, 0, 1, 1, 0, 1, 0, 0, 1, 0, 0, 1, 1, 0, 1, 1, 0, 1, 0, 1, 0, 0, 1, 0, 1, 1, 0, 0, 1, 1, 0, 1, 0, 1, 1, 0, 1, 0, 0, 1, 0, 1, 0
 1, 0, 0, 1, 0, 1, 1, 0, 1, 1, 0, 1, 1, 0, 0, 1, 1, 0, 0, 1, 0, 1, 1, 0, 1, 0, 1, 1, 0, 1, 0, 0, 1, 1, 0, 0, 1, 0, 1, 0, 1, 1, 0, 1, 0, 1, 1, 0, 0, 1, 1, 0, 1, 0, 1, 0, 0, 1, 0, 1, 1, 0, 0, 1, 0, 1, 0, 0, 1, 1, 0, 1, 0, 1, 0, 1, 0, 0, 1, 0, 0, 1, 0, 1, 1, 0, 0, 1, 0, 0, 1, 0, 1, 0, 0, 1, 0, 1, 1, 0, 1, 0, 0, 1, 1, 0, 0, 1, 0, 1, 0, 1, 0, 0, 1, 1, 0, 0, 1, 1
 0, 1, 1, 0, 0, 1, 1, 0, 0, 1, 1, 0, 0, 1, 0, 0, 1, 0, 1, 0, 1, 0, 0, 1, 0, 1, 0, 1, 1, 0, 0, 1, 1, 0, 1, 0, 1, 1, 0, 1, 1, 0, 1, 0, 1, 0, 0, 1, 0, 1, 1, 0, 1, 1, 0, 0, 1, 0, 1, 0, 0, 1, 0, 1, 1, 0, 0, 1, 0, 1, 1, 0, 1, 0, 1, 1, 0, 0, 1, 1, 0, 1, 0, 0, 1, 0, 1, 0, 0, 1, 0, 1, 0, 1, 1, 0, 1, 0, 1, 0, 1, 0, 0, 1, 1, 0, 1, 0, 0, 1, 1, 0, 1, 1, 0, 1, 0, 1, 0, 0
 0, 1, 0, 0, 1, 0, 0, 1, 1, 0, 0, 1, 1, 0, 1, 1, 0, 1, 1, 0, 1, 1, 0, 0, 1, 0, 1, 0, 1, 0, 1, 0, 0, 1, 0, 1, 0, 0, 1, 0, 0, 1, 0, 0, 1, 0, 0, 1, 1, 0, 0, 1, 0, 0, 1, 1, 0, 1, 0, 1, 1, 0, 1, 0, 1, 0, 1, 1, 0, 0, 1, 0, 0, 1, 0, 0, 1, 1, 0, 0, 1, 0, 1, 1, 0, 1, 1, 0, 1, 0, 1, 1, 0, 1, 0, 1, 0, 1, 0, 1, 0, 1, 1, 0, 0, 1, 0, 1, 1, 0, 1, 1, 0, 1, 1, 0, 1, 0, 0, 1
 1, 0, 1, 1, 0, 1, 1, 0, 0, 1, 0, 1, 0, 0, 1, 0, 1, 1, 0, 1, 0, 0, 1, 1, 0, 1, 0, 1, 0, 1, 0, 1, 0, 0, 1, 0, 1, 1, 0, 1, 0, 0, 1, 1, 0, 1, 1, 0, 0, 1, 1, 0, 0, 1, 0, 0, 1, 0, 1, 0, 0, 1, 0, 1, 0, 1, 1, 0, 1, 1, 0, 1, 0, 0, 1, 0, 1, 1, 0, 1, 1, 0, 1, 0, 1, 1, 0, 1, 0, 0, 1, 0, 1, 0, 1, 0, 1, 0, 1, 0, 1, 0, 0, 1, 0, 1, 0, 1, 0, 1, 0, 0, 1, 0, 0, 1, 1, 0, 1, 0
 1, 1, 0, 0, 1, 0, 1, 1, 0, 0, 1, 0, 0, 1, 0, 1, 1, 0, 0, 1, 0, 0, 1, 0, 1, 0, 1, 1, 0, 1, 1, 0, 1, 0, 1, 0, 1, 0, 0, 1, 1, 0, 0, 1, 0, 1, 0, 0, 1, 0, 0, 1, 1, 0, 1, 1, 0, 1, 0, 1, 1, 0, 1, 0, 0, 1, 0, 1, 1, 0, 1, 0, 1, 1, 0, 1, 0, 0, 1, 0, 0, 1, 0, 1, 0, 0, 1, 1, 0, 1, 0, 1, 0, 0, 1, 1, 0, 1, 1, 0, 1, 0, 0, 1, 1, 0, 1, 0, 1, 0, 1, 0, 0, 1, 0, 1, 0, 1, 1, 0
 0, 0, 1, 0, 1, 1, 0, 0, 1, 0, 1, 0, 1, 0, 1, 1, 0, 1, 1, 0, 1, 1, 0, 1, 0, 1, 0, 0, 1, 0, 1, 0, 1, 1, 0, 1, 0, 1, 1, 0, 0, 1, 1, 0, 1, 0, 0, 1, 0, 1, 0, 1, 0, 1, 0, 1, 0, 0, 1, 0, 0, 1, 1, 0, 1, 0, 0, 1, 0, 0, 1, 1, 0, 0, 1, 0, 1, 1, 0, 0, 1, 0, 1, 0, 1, 1, 0, 0, 1, 0, 1, 0, 0, 1, 0, 1, 1, 0, 0, 1, 0, 1, 1, 0, 0, 1, 0, 1, 1, 0, 1, 1, 0, 0, 1, 0, 1, 1, 0, 1
 0, 1, 0, 1, 0, 1, 1, 0, 1, 1, 0, 1, 0, 1, 0, 0, 1, 0, 0, 1, 1, 0, 0, 1, 1, 0, 1, 1, 0, 1, 0, 1, 0, 0, 1, 0, 0, 1, 1, 0, 1, 0, 0, 1, 1, 0, 1, 0, 1, 0, 1, 0, 1, 0, 1, 0, 1, 1, 0, 0, 1, 0, 0, 1, 0, 1, 1, 0, 1, 1, 0, 1, 0, 1, 0, 1, 0, 1, 0, 1, 0, 0, 1, 1, 0, 1, 0, 1, 0, 1, 0, 1, 1, 0, 1, 0, 1, 0, 0, 1, 1, 0, 0, 1, 1, 0, 0, 1, 0, 1, 0, 0, 1, 1, 0, 0, 1, 0, 1, 0
 1, 1, 0, 1, 0, 0, 1, 1, 0, 0, 1, 0, 0, 1, 1, 0, 1, 0, 1, 0, 0, 1, 1, 0, 1, 0, 1, 1, 0, 0, 1, 0, 1, 1, 0, 1, 1, 0, 0, 1, 0, 1, 1, 0, 0, 1, 0, 1, 0, 0, 1, 1, 0, 0, 1, 1, 0, 0, 1, 1, 0, 1, 1, 0, 1, 1, 0, 0, 1, 0, 1, 0, 1, 0, 1, 0, 1, 0, 1, 0, 0, 1, 0, 0, 1, 0, 1, 0, 1, 0, 1, 1, 0, 0, 1, 0, 0, 1, 1, 0, 0, 1, 1, 0, 1, 0, 1, 0, 1, 1, 0, 1, 0, 0, 1, 1, 0, 0, 1, 0
 0, 0, 1, 0, 1, 1, 0, 0, 1, 1, 0, 1, 1, 0, 0, 1, 0, 1, 0, 1, 0, 1, 1, 0, 0, 1, 0, 0, 1, 1, 0, 1, 0, 1, 0, 1, 0, 0, 1, 0, 1, 0, 0, 1, 1, 0, 1, 0, 0, 1, 0, 1, 0, 1, 0, 0, 1, 1, 0, 0, 1, 1, 0, 1, 1, 0, 0, 1, 0, 1, 0, 1, 0, 1, 0, 1, 1, 0, 0, 1, 1, 0, 1, 1, 0, 0, 1, 1, 0, 1, 0, 0, 1, 1, 0, 1, 0, 1, 0, 0, 1, 1, 0, 1, 0, 1, 0, 1, 1, 0, 1, 0, 0, 1, 1, 0, 0, 1, 0, 1
 1, 0, 0, 1, 1, 0, 1, 1, 0, 1, 0, 0, 1, 0, 1, 0, 1, 0, 0, 1, 1, 0, 0, 1, 1, 0, 0, 1, 0, 0, 1, 0, 1, 0, 1, 0, 1, 1, 0, 1, 0, 0, 1, 0, 1, 0, 0, 1, 1, 0, 1, 0, 1, 1, 0, 1, 1, 0, 0, 1, 1, 0, 1, 0, 0, 1, 1, 0, 1, 1, 0, 0, 1, 0, 0, 1, 0, 1, 0, 1, 0, 1, 0, 0, 1, 1, 0, 0, 1, 1, 0, 0, 1, 1, 0, 1, 1, 0, 0, 1, 1, 0, 1, 0, 0, 1, 1, 0, 0, 1, 1, 0, 1, 0, 0, 1, 1, 0, 1, 0
 0, 1, 1, 0, 0, 1, 1, 0, 1, 0, 1, 0, 0, 1, 0, 1, 1, 0, 1, 0, 0, 1, 1, 0, 0, 1, 1, 0, 1, 0, 1, 0, 0, 1, 0, 1, 0, 0, 1, 0, 0, 1, 0, 1, 0, 1, 0, 1, 0, 1, 0, 1, 1, 0, 1, 1, 0, 1, 1, 0, 0, 1, 0, 1, 0, 1, 0, 1, 0, 0, 1, 0, 1, 0, 1, 0, 1, 0, 1, 0, 1, 0, 1, 1, 0, 0, 1, 1, 0, 0, 1, 1, 0, 0, 1, 0, 1, 0, 1, 1, 0, 1, 1, 0, 1, 0, 0, 1, 1, 0, 0, 1, 0, 1, 1, 0, 1, 0, 0, 1
 0, 1, 0, 1, 1, 0, 0, 1, 1, 0, 1, 1, 0, 0, 1, 1, 0, 1, 0, 0, 1, 0, 0, 1, 0, 0, 1, 0, 0, 1, 0, 1, 1, 0, 1, 0, 1, 1, 0, 0, 1, 0, 1, 0, 0, 1, 1, 0, 0, 1, 0, 1, 0, 0, 1, 0, 1, 0, 0, 1, 0, 1, 0, 0, 1, 0, 0, 1, 0, 1, 0, 1, 0, 1, 0, 1, 1, 0, 1, 1, 0, 0, 1, 0, 1, 0, 1, 0, 1, 1, 0, 1, 1, 0, 1, 1, 0, 1, 1, 0, 1, 1, 0, 1, 0, 1, 1, 0, 1, 0, 1, 0, 0, 1, 0, 1, 0, 1, 1, 0
 1, 0, 1, 0, 0, 1, 0, 1, 0, 1, 0, 1, 1, 0, 1, 0, 0, 1, 0, 1, 0, 1, 1, 0, 1, 0, 0, 1, 1, 0, 1, 1, 0, 1, 0, 0, 1, 0, 0, 1, 0, 1, 0, 1, 1, 0, 0, 1, 1, 0, 1, 0, 0, 1, 0, 0, 1, 1, 0, 1, 1, 0, 1, 0, 1, 0, 1, 0, 1, 0, 1, 1, 0, 0, 1, 1, 0, 1, 0, 0, 1, 1, 0, 1, 0, 1, 0, 0, 1, 0, 1, 0, 0, 1, 0, 0, 1, 1, 0, 1, 1, 0, 0, 1, 0, 1, 0, 1, 0, 1, 0, 1, 1, 0, 1, 0, 1, 0, 0, 1
 0, 0, 1, 0, 1, 0, 1, 0, 1, 1, 0, 0, 1, 1, 0, 1, 1, 0, 1, 1, 0, 1, 0, 1, 0, 1, 0, 0, 1, 0, 1, 0, 0, 1, 0, 1, 0, 1, 1, 0, 0, 1, 0, 0, 1, 1, 0, 0, 1, 0, 1, 0, 1, 1, 0, 1, 0, 1, 1, 0, 1, 0, 1, 1, 0, 1, 0, 0, 1, 1, 0, 0, 1, 0, 1, 0, 0, 1, 0, 1, 0, 0, 1, 0, 1, 0, 1, 1, 0, 1, 0, 1, 0, 1, 1, 0, 1, 0, 1, 0, 0, 1, 1, 0, 1, 0, 0, 1, 0, 1, 0, 0, 1, 0, 1, 1, 0, 1, 0, 1
 1, 1, 0, 1, 1, 0, 0, 1, 0, 0, 1, 1, 0, 0, 1, 0, 1, 0, 1, 0, 1, 0, 1, 0, 0, 1, 1, 0, 0, 1, 0, 0, 1, 0, 1, 1, 0, 1, 0, 1, 1, 0, 1, 1, 0, 0, 1, 0, 0, 1, 0, 1, 1, 0, 1, 0, 1, 0, 1, 0, 0, 1, 0, 0, 1, 0, 1, 1, 0, 0, 1, 1, 0, 1, 0, 0, 1, 0, 1, 0, 1, 1, 0, 1, 0, 1, 0, 1, 1, 0, 1, 0, 1, 0, 0, 1, 0, 0, 1, 1, 0, 1, 1, 0, 1, 0, 1, 0, 1, 0, 1, 1, 0, 1, 0, 1, 0, 0, 1, 0
 1, 0, 1, 1, 0, 1, 1, 0, 1, 1, 0, 1, 1, 0, 1, 0, 0, 1, 0, 0, 1, 1, 0, 0, 1, 0, 1, 1, 0, 0, 1, 1, 0, 1, 0, 0, 1, 0, 1, 0, 0, 1, 0, 0, 1, 0, 0, 1, 1, 0, 1, 1, 0, 1, 0, 1, 0, 1, 0, 1, 1, 0, 1, 0, 0, 1, 1, 0, 0, 1, 0, 1, 1, 0, 1, 1, 0, 1, 0, 1, 0, 1, 0, 1, 0, 0, 1, 0, 0, 1, 0, 1, 1, 0, 1, 0, 1, 1, 0, 0, 1, 0, 0, 1, 0, 1, 0, 0, 1, 1, 0, 0, 1, 1, 0, 0, 1, 1, 0, 0
 0, 1, 1, 0, 1, 1, 0, 1, 0, 0, 1, 0, 1, 1, 0, 1, 0, 0, 1, 1, 0, 0, 1, 1, 0, 1, 0, 1, 1, 0, 0, 1, 0, 0, 1, 0, 0, 1, 0, 1, 0, 1, 1, 0, 0, 1, 1, 0, 1, 0, 1, 0, 1, 0, 0, 1, 0, 1, 0, 1, 0, 0, 1, 1, 0, 1, 0, 1, 1, 0, 1, 0, 0, 1, 0, 1, 0, 1, 1, 0, 1, 0, 1, 0, 1, 0, 1, 0, 1, 0, 1, 0, 0, 1, 1, 0, 0, 1, 0, 1, 0, 0, 1, 0, 1, 0, 0, 1, 0, 1, 1, 0, 1, 0, 1, 0, 1, 1, 0, 1
 1, 1, 0, 0, 1, 0, 1, 1, 0, 1, 0, 1, 0, 1, 0, 0, 1, 1, 0, 1, 0, 0, 1, 1, 0, 0, 1, 0, 0, 1, 0, 0, 1, 1, 0, 1, 0, 1, 1, 0, 1, 0, 0, 1, 0, 1, 0, 1, 0, 1, 0, 1, 1, 0, 1, 0, 1, 0, 1, 0, 1, 1, 0, 1, 1, 0, 1, 0, 0, 1, 0, 1, 1, 0, 1, 0, 1, 0, 1, 1, 0, 0, 1, 0, 1, 1, 0, 1, 0, 0, 1, 0, 1, 0, 0, 1, 1, 0, 1, 0, 1, 1, 0, 0, 1, 0, 1, 0, 1, 0, 0, 1, 0, 1, 0, 1, 0, 0, 1, 0
 1, 0, 0, 1, 0, 1, 0, 0, 1, 1, 0, 0, 1, 0, 1, 1, 0, 1, 0, 0, 1, 1, 0, 0, 1, 1, 0, 1, 0, 0, 1, 1, 0, 0, 1, 0, 1, 0, 0, 1, 0, 0, 1, 0, 1, 0, 1, 0, 1, 0, 1, 0, 0, 1, 0, 1, 1, 0, 1, 1, 0, 1, 1, 0, 0, 1, 1, 0, 0, 1, 1, 0, 0, 1, 0, 0, 1, 1, 0, 0, 1, 1, 0, 1, 0, 1, 1, 0, 1, 1, 0, 1, 0, 1, 1, 0, 1, 0, 0, 1, 0, 1, 0, 1, 0, 1, 0, 1, 0, 0, 1, 0, 1, 1, 0, 1, 0, 0, 1, 1
 0, 1, 1, 0, 1, 0, 1, 1, 0, 0, 1, 1, 0, 0, 1, 0, 1, 0, 1, 1, 0, 0, 1, 1, 0, 0, 1, 0, 1, 0, 1, 0, 1, 0, 1, 0, 1, 0, 1, 0, 1, 1, 0, 1, 0, 1, 0, 1, 0, 1, 1, 0, 1, 0, 1, 0, 0, 1, 0, 1, 1, 0, 1, 0, 1, 0, 0, 1, 1, 0, 1, 0, 1, 0, 0, 1, 0, 0, 1, 0, 1, 0, 0, 1, 1, 0, 0, 1, 1, 0, 0, 1, 1, 0, 0, 1, 0, 1, 0, 1, 1, 0, 1, 1, 0, 0, 1, 0, 0, 1, 0, 1, 1, 0, 1, 0, 1, 1, 0, 0
 1, 0, 1, 0, 1, 1, 0, 1, 1, 0, 1, 0, 1, 1, 0, 1, 0, 1, 1, 0, 0, 1, 1, 0, 1, 0, 0, 1, 0, 1, 0, 0, 1, 1, 0, 1, 0, 1, 0, 0, 1, 0, 1, 0, 1, 0, 1, 0, 1, 0, 0, 1, 0, 1, 0, 1, 1, 0, 1, 0, 1, 0, 0, 1, 0, 1, 0, 1, 1, 0, 0, 1, 0, 0, 1, 0, 1, 0, 1, 1, 0, 0, 1, 0, 0, 1, 1, 0, 0, 1, 1, 0, 1, 0, 0, 1, 0, 1, 1, 0, 0, 1, 1, 0, 1, 1, 0, 0, 1, 0, 1, 0, 0, 1, 0, 1, 0, 0, 1, 1
 1, 0, 0, 1, 0, 0, 1, 0, 0, 1, 0, 1, 0, 1, 1, 0, 1, 0, 0, 1, 1, 0, 0, 1, 0, 1, 0, 1, 1, 0, 1, 1, 0, 0, 1, 1, 0, 0, 1, 1, 0, 1, 1, 0, 0, 1, 1, 0, 0, 1, 0, 1, 0, 1, 0, 0, 1, 0, 1, 0, 0, 1, 0, 1, 0, 1, 1, 0, 0, 1, 1, 0, 0, 1, 0, 1, 0, 1, 0, 1, 0, 1, 1, 0, 1, 1, 0, 1, 1, 0, 0, 1, 0, 1, 1, 0, 1, 0, 0, 1, 1, 0, 0, 1, 0, 1, 0, 1, 0, 1, 0, 1, 1, 0, 1, 0, 1, 0, 1, 0
 0, 1, 0, 1, 0, 1, 0, 1, 1, 0, 1, 0, 1, 0, 0, 1, 0, 1, 1, 0, 0, 1, 0, 0, 1, 0, 1, 0, 0, 1, 0, 0, 1, 1, 0, 0, 1, 1, 0, 0, 1, 1, 0, 1, 1, 0, 0, 1, 1, 0, 1, 0, 1, 0, 1, 1, 0, 1, 0, 1, 1, 0, 1, 0, 1, 0, 1, 0, 1, 1, 0, 0, 1, 0, 0, 1, 1, 0, 1, 0, 1, 1, 0, 1, 0, 0, 1, 0, 1, 1, 0, 0, 1, 0, 1, 0, 1, 0, 1, 0, 0, 1, 0, 0, 1, 0, 1, 0, 1, 0, 1, 1, 0, 1, 0, 0, 1, 1, 0, 1
 0, 1, 1, 0, 1, 1, 0, 1, 0, 1, 0, 1, 1, 0, 1, 1, 0, 0, 1, 1, 0, 0, 1, 1, 0, 1, 0, 1, 1, 0, 0, 1, 0, 0, 1, 1, 0, 0, 1, 1, 0, 0, 1, 0, 1, 0, 1, 0, 0, 1, 0, 1, 0, 1, 0, 1, 0, 1, 0, 1, 0, 1, 0, 0, 1, 0, 0, 1, 0, 0, 1, 1, 0, 1, 1, 0, 0, 1, 1, 0, 1, 0, 0, 1, 0, 1, 1, 0, 0, 1, 1, 0, 0, 1, 0, 1, 0, 1, 1, 0, 1, 0, 1, 1, 0, 0, 1, 1, 0, 1, 0, 0, 1, 0, 0, 1, 0, 0, 1, 1
 1, 0, 0, 1, 0, 0, 1, 0, 0, 1, 1, 0, 0, 1, 0, 0, 1, 1, 0, 0, 1, 1, 0, 0, 1, 0, 1, 0, 0, 1, 1, 0, 1, 1, 0, 1, 1, 0, 0, 1, 1, 0, 0, 1, 0, 1, 0, 1, 0, 1, 1, 0, 1, 0, 1, 0, 1, 0, 1, 0, 1, 0, 0, 1, 0, 1, 1, 0, 1, 1, 0, 0, 1, 1, 0, 1, 0, 1, 0, 1, 0, 1, 1, 0, 1, 0, 0, 1, 1, 0, 0, 1, 1, 0, 0, 1, 1, 0, 0, 1, 0, 0, 1, 0, 1, 1, 0, 0, 1, 0, 1, 1, 0, 1, 1, 0, 1, 1, 0, 0
 0, 0, 1, 1, 0, 1, 0, 0, 1, 0, 0, 1, 0, 0, 1, 0, 1, 1, 0, 1, 1, 0, 1, 1, 0, 1, 0, 1, 0, 1, 1, 0, 1, 0, 1, 0, 0, 1, 1, 0, 0, 1, 1, 0, 0, 1, 1, 0, 1, 0, 0, 1, 0, 1, 1, 0, 0, 1, 0, 1, 0, 1, 1, 0, 1, 0, 0, 1, 1, 0, 1, 0, 1, 0, 0, 1, 1, 0, 0, 1, 0, 0, 1, 1, 0, 1, 0, 1, 1, 0, 1, 1, 0, 1, 1, 0, 0, 1, 0, 1, 0, 1, 0, 1, 0, 1, 0, 1, 0, 1, 0, 1, 0, 0, 1, 1, 0, 0, 1, 0
 0, 1, 0, 0, 1, 0, 1, 1, 0, 1, 1, 0, 1, 1, 0, 1, 0, 0, 1, 1, 0, 1, 1, 0, 1, 1, 0, 1, 1, 0, 0, 1, 0, 1, 0, 1, 0, 0, 1, 0, 1, 0, 0, 1, 1, 0, 0, 1, 0, 1, 0, 0, 1, 0, 0, 1, 0, 1, 1, 0, 1, 1, 0, 1, 0, 1, 1, 0, 0, 1, 0, 1, 0, 1, 1, 0, 1, 0, 1, 0, 1, 0, 0, 1, 0, 0, 1, 0, 0, 1, 0, 0, 1, 1, 0, 1, 0, 0, 1, 0, 1, 1, 0, 1, 1, 0, 1, 0, 1, 1, 0, 0, 1, 0, 0, 1, 0, 1, 0, 1
 1, 0, 1, 0, 1, 0, 1, 0, 1, 0, 0, 1, 0, 0, 1, 0, 0, 1, 1, 0, 1, 0, 0, 1, 1, 0, 1, 0, 0, 1, 1, 0, 0, 1, 1, 0, 1, 1, 0, 1, 0, 1, 0, 1, 1, 0, 1, 1, 0, 0, 1, 1, 0, 1, 1, 0, 1, 0, 1, 1, 0, 0, 1, 0, 1, 0, 1, 1, 0, 1, 0, 1, 0, 1, 0, 1, 0, 1, 1, 0, 1, 1, 0, 0, 1, 0, 1, 0, 1, 0, 1, 1, 0, 0, 1, 0, 1, 0, 0, 1, 1, 0, 1, 0, 0, 1, 0, 1, 0, 0, 1, 0, 0, 1, 0, 0, 1, 0, 1, 0
 0, 1, 0, 1, 0, 1, 0, 1, 0, 1, 1, 0, 0, 1, 0, 0, 1, 1, 0, 0, 1, 0, 1, 0, 0, 1, 0, 0, 1, 1, 0, 0, 1, 0, 1, 0, 0, 1, 1, 0, 0, 1, 1, 0, 0, 1, 1, 0, 1, 1, 0, 0, 1, 1, 0, 0, 1, 0, 0, 1, 0, 1, 1, 0, 1, 0, 0, 1, 1, 0, 1, 0, 1, 0, 1, 0, 1, 1, 0, 1, 0, 0, 1, 1, 0, 1, 0, 1, 0, 1, 0, 1, 1, 0, 1, 0, 0, 1, 1, 0, 0, 1, 0, 1, 0, 0, 1, 1, 0, 1, 0, 1, 1, 0, 1, 1, 0, 1, 0, 1
 1, 0, 0, 1, 1, 0, 0, 1, 1, 0, 0, 1, 1, 0, 0, 1, 1, 0, 0, 1, 0, 1, 0, 1, 0, 0, 1, 1, 0, 0, 1, 1, 0, 1, 0, 1, 1, 0, 0, 1, 1, 0, 0, 1, 1, 0, 0, 1, 0, 1, 1, 0, 1, 0, 1, 1, 0, 1, 1, 0, 1, 1, 0, 1, 0, 1, 1, 0, 1, 1, 0, 1, 1, 0, 0, 1, 0, 0, 1, 0, 1, 1, 0, 0, 1, 0, 0, 1, 0, 0, 1, 0, 0, 1, 0, 1, 0, 0, 1, 1, 0, 1, 0, 0, 1, 1, 0, 0, 1, 0, 1, 1, 0, 1, 0, 1, 0, 1, 0, 0
 0, 0, 1, 0, 0, 1, 1, 0, 1, 0, 1, 1, 0, 0, 1, 1, 0, 0, 1, 0, 1, 0, 1, 0, 1, 0, 1, 1, 0, 0, 1, 0, 1, 0, 1, 0, 1, 0, 0, 1, 0, 0, 1, 0, 0, 1, 1, 0, 1, 0, 1, 1, 0, 1, 1, 0, 1, 0, 0, 1, 1, 0, 0, 1, 1, 0, 1, 1, 0, 1, 1, 0, 0, 1, 0, 0, 1, 0, 1, 1, 0, 0, 1, 0, 1, 0, 1, 0, 1, 0, 1, 0, 1, 1, 0, 0, 1, 1, 0, 0, 1, 0, 1, 1, 0, 0, 1, 1, 0, 0, 1, 0, 1, 0, 1, 0, 1, 0, 1, 1
 1, 1, 0, 0, 1, 0, 1, 0, 0, 1, 1, 0, 1, 1, 0, 0, 1, 1, 0, 1, 0, 1, 1, 0, 0, 1, 0, 0, 1, 1, 0, 1, 0, 1, 0, 1, 0, 1, 1, 0, 0, 1, 1, 0, 1, 0, 1, 1, 0, 1, 0, 1, 1, 0, 0, 1, 0, 0, 1, 0, 0, 1, 1, 0, 0, 1, 0, 0, 1, 0, 0, 1, 1, 0, 1, 0, 0, 1, 0, 0, 1, 1, 0, 1, 0, 1, 1, 0, 1, 1, 0, 1, 0, 0, 1, 0, 1, 0, 0, 1, 1, 0, 1, 1, 0, 1, 1, 0, 0, 1, 0, 0, 1, 1, 0, 0, 1, 1, 0, 0
 0, 1, 0, 1, 0, 1, 0, 1, 0, 1, 0, 0, 1, 0, 0, 1, 1, 0, 1, 0, 0, 1, 0, 1, 1, 0, 1, 0, 1, 1, 0, 0, 1, 0, 1, 0, 1, 0, 1, 0, 1, 1, 0, 1, 1, 0, 0, 1, 0, 0, 1, 0, 0, 1, 1, 0, 1, 1, 0, 0, 1, 0, 0, 1, 1, 0, 1, 0, 0, 1, 0, 1, 0, 1, 0, 1, 0, 1, 0, 1, 0, 0, 1, 0, 1, 1, 0, 1, 0, 1, 1, 0, 1, 1, 0, 1, 0, 1, 1, 0, 0, 1, 0, 0, 1, 1, 0, 1, 1, 0, 0, 1, 0, 0, 1, 1, 0, 0, 1, 1
 1, 0, 1, 1, 0, 0, 1, 0, 1, 0, 1, 1, 0, 1, 1, 0, 0, 1, 0, 1, 1, 0, 1, 0, 0, 1, 0, 1, 0, 0, 1, 1, 0, 0, 1, 1, 0, 1, 0, 1, 0, 0, 1, 0, 0, 1, 0, 0, 1, 1, 0, 1, 1, 0, 0, 1, 0, 1, 0, 1, 1, 0, 0, 1, 0, 0, 1, 1, 0, 1, 1, 0, 0, 1, 0, 1, 1, 0, 1, 1, 0, 1, 1, 0, 1, 0, 1, 1, 0, 0, 1, 0, 1, 0, 1, 0, 1, 0, 0, 1, 0, 1, 0, 1, 1, 0, 0, 1, 0, 1, 1, 0, 0, 1, 1, 0, 0, 1, 0, 0
 0, 1, 1, 0, 1, 1, 0, 0, 1, 0, 0, 1, 0, 0, 1, 1, 0, 0, 1, 0, 1, 1, 0, 0, 1, 0, 1, 0, 1, 1, 0, 1, 0, 1, 0, 1, 0, 1, 1, 0, 1, 1, 0, 1, 1, 0, 1, 0, 1, 0, 1, 0, 1, 0, 0, 1, 0, 0, 1, 1, 0, 1, 1, 0, 1, 1, 0, 0, 1, 0, 0, 1, 1, 0, 1, 0, 1, 0, 1, 0, 1, 0, 0, 1, 0, 1, 0, 0, 1, 0, 0, 1, 0, 1, 0, 1, 0, 0, 1, 0, 1, 0, 1, 0, 0, 1, 1, 0, 0, 1, 1, 0, 1, 1, 0, 1, 1, 0, 1, 0
 1, 0, 0, 1, 0, 0, 1, 1, 0, 1, 1, 0, 1, 1, 0, 0, 1, 0, 0, 1, 0, 0, 1, 1, 0, 1, 0, 0, 1, 1, 0, 0, 1, 1, 0, 0, 1, 0, 0, 1, 1, 0, 1, 0, 0, 1, 0, 1, 0, 1, 0, 1, 0, 1, 1, 0, 1, 1, 0, 0, 1, 0, 1, 1, 0, 1, 0, 1, 1, 0, 1, 1, 0, 1, 1, 0, 0, 1, 0, 0, 1, 0, 1, 0, 1, 0, 1, 1, 0, 1, 0, 1, 0, 0, 1, 0, 1, 1, 0, 0, 1, 0, 0, 1, 1, 0, 1, 0, 1, 0, 0, 1, 1, 0, 1, 0, 0, 1, 0, 1
 0, 1, 0, 1, 1, 0, 0, 1, 1, 0, 1, 0, 0, 1, 0, 0, 1, 1, 0, 1, 0, 0, 1, 1, 0, 1, 0, 1, 0, 0, 1, 0, 1, 0, 1, 1, 0, 0, 1, 0, 0, 1, 0, 1, 0, 0, 1, 1, 0, 0, 1, 1, 0, 0, 1, 1, 0, 0, 1, 1, 0, 1, 0, 1, 1, 0, 1, 0, 0, 1, 0, 0, 1, 1, 0, 1, 1, 0, 1, 1, 0, 1, 0, 1, 0, 1, 0, 1, 1, 0, 1, 0, 1, 0, 0, 1, 0, 1, 0, 1, 0, 1, 0, 1, 0, 1, 0, 1, 1, 0, 1, 1, 0, 0, 1, 0, 1, 0, 1, 0
 0, 0, 1, 0, 0, 1, 1, 0, 0, 1, 0, 1, 1, 0, 1, 1, 0, 0, 1, 0, 1, 1, 0, 0, 1, 0, 1, 0, 1, 0, 0, 1, 0, 1, 1, 0, 1, 1, 0, 0, 1, 0, 1, 0, 1, 0, 1, 0, 1, 0, 1, 0, 1, 1, 0, 1, 0, 1, 0, 1, 0, 1, 1, 0, 0, 1, 0, 1, 0, 0, 1, 1, 0, 0, 1, 0, 0, 1, 1, 0, 1, 0, 1, 0, 0, 1, 1, 0, 0, 1, 0, 1, 0, 1, 1, 0, 1, 0, 1, 0, 1, 0, 1, 0, 1, 0, 1, 1, 0, 1, 0, 0, 1, 1, 0, 1, 0, 1, 0, 1
 1, 1, 0, 1, 1, 0, 1, 0, 0, 1, 1, 0, 0, 1, 1, 0, 0, 1, 0, 1, 1, 0, 1, 1, 0, 1, 0, 0, 1, 1, 0, 1, 1, 0, 0, 1, 0, 0, 1, 1, 0, 0, 1, 1, 0, 1, 0, 1, 0, 1, 0, 0, 1, 1, 0, 0, 1, 1, 0, 0, 1, 0, 0, 1, 0, 0, 1, 0, 1, 1, 0, 1, 1, 0, 1, 0, 1, 1, 0, 0, 1, 1, 0, 1, 1, 0, 0, 1, 0, 1, 0, 1, 0, 1, 0, 1, 0, 1, 0, 1, 0, 1, 0, 1, 0, 1, 0, 0, 1, 0, 0, 1, 0, 0, 1, 0, 0, 1, 0, 1
 0, 1, 1, 0, 1, 1, 0, 1, 1, 0, 0, 1, 1, 0, 0, 1, 1, 0, 1, 0, 0, 1, 0, 1, 1, 0, 1, 1, 0, 0, 1, 0, 1, 0, 1, 0, 0, 1, 0, 1, 0, 1, 0, 0, 1, 0, 0, 1, 1, 0, 0, 1, 0, 0, 1, 1, 0, 0, 1, 1, 0, 1, 1, 0, 1, 0, 1, 0, 1, 0, 1, 0, 0, 1, 0, 1, 1, 0, 1, 1, 0, 0, 1, 0, 0, 1, 0, 0, 1, 0, 1, 0, 1, 0, 0, 1, 0, 0, 1, 0, 1, 0, 1, 0, 1, 1, 0, 1, 0, 1, 1, 0, 1, 1, 0, 1, 1, 0, 1, 0
 0, 0, 1, 1, 0, 1, 0, 1, 0, 0, 1, 0, 1, 1, 0, 0, 1, 0, 1, 1, 0, 0, 1, 0, 0, 1, 0, 1, 0, 1, 1, 0, 0, 1, 0, 1, 1, 0, 1, 0, 1, 0, 1, 1, 0, 0, 1, 0, 0, 1, 1, 0, 1, 1, 0, 1, 1, 0, 1, 0, 1, 0, 0, 1, 0, 1, 0, 1, 0, 1, 0, 1, 0, 0, 1, 0, 0, 1, 1, 0, 1, 0, 0, 1, 1, 0, 1, 0, 0, 1, 0, 1, 0, 0, 1, 0, 1, 1, 0, 0, 1, 1, 0, 1, 0, 0, 1, 1, 0, 1, 1, 0, 1, 1, 0, 0, 1, 0, 1, 1
 1, 1, 0, 0, 1, 0, 1, 0, 0, 1, 0, 1, 0, 0, 1, 1, 0, 1, 0, 0, 1, 1, 0, 1, 0, 0, 1, 0, 1, 1, 0, 1, 1, 0, 1, 0, 0, 1, 0, 0, 1, 1, 0, 1, 0, 1, 1, 0, 1, 0, 1, 0, 0, 1, 1, 0, 0, 1, 0, 1, 0, 1, 0, 0, 1, 0, 1, 0, 1, 0, 1, 0, 1, 0, 1, 0, 1, 1, 0, 1, 0, 1, 1, 0, 0, 1, 0, 1, 1, 0, 1, 0, 0, 1, 1, 0, 0, 1, 0, 1, 0, 0, 1, 1, 0, 1, 1, 0, 1, 0, 0, 1, 0, 0, 1, 1, 0, 1, 0, 1
 0, 0, 1, 1, 0, 1, 0, 0, 1, 0, 1, 1, 0, 1, 0, 1, 1, 0, 0, 1, 1, 0, 1, 0, 1, 1, 0, 1, 0, 0, 1, 1, 0, 0, 1, 0, 1, 0, 1, 1, 0, 0, 1, 0, 1, 0, 0, 1, 0, 1, 0, 1, 0, 0, 1, 0, 1, 0, 1, 0, 1, 0, 1, 0, 1, 1, 0, 0, 1, 0, 1, 0, 0, 1, 0, 1, 0, 0, 1, 0, 1, 1, 0, 0, 1, 0, 1, 0, 1, 1, 0, 0, 1, 1, 0, 1, 1, 0, 1, 1, 0, 1, 0, 0, 1, 1, 0, 0, 1, 0, 1, 1, 0, 1, 1, 0, 1, 1, 0, 0
 0, 0, 1, 1, 0, 0, 1, 1, 0, 1, 0, 0, 1, 0, 1, 0, 0, 1, 1, 0, 0, 1, 0, 1, 0, 0, 1, 1, 0, 1, 0, 0, 1, 1, 0, 1, 0, 0, 1, 0, 1, 1, 0, 1, 1, 0, 0, 1, 0, 1, 1, 0, 1, 0, 0, 1, 1, 0, 0, 1, 0, 0, 1, 1, 0, 0, 1, 1, 0, 1, 0, 1, 1, 0, 1, 0, 1, 0, 0, 1, 1, 0, 0, 1, 0, 0, 1, 1, 0, 1, 0, 1, 1, 0, 1, 1, 0, 1, 1, 0, 1, 0, 1, 1, 0, 0, 1, 1, 0, 1, 0, 0, 1, 1, 0, 0, 1, 0, 1, 0
 1, 1, 0, 0, 1, 1, 0, 1, 0, 0, 1, 0, 0, 1, 0, 0, 1, 1, 0, 1, 0, 1, 0, 0, 1, 0, 1, 0, 1, 1, 0, 1, 1, 0, 1, 0, 1, 1, 0, 0, 1, 0, 1, 0, 0, 1, 1, 0, 1, 0, 0, 1, 0, 1, 0, 1, 0, 1, 0, 0, 1, 1, 0, 1, 0, 1, 0, 0, 1, 0, 1, 0, 1, 0, 1, 1, 0, 1, 0, 1, 0, 0, 1, 0, 1, 1, 0, 0, 1, 0, 1, 1, 0, 1, 1, 0, 0, 1, 0, 0, 1, 1, 0, 1, 1, 0, 1, 0, 0, 1, 1, 0, 1, 0, 0, 1, 0, 1, 0, 1
 0, 0, 1, 0, 0, 1, 0, 0, 1, 0, 1, 1, 0, 0, 1, 1, 0, 0, 1, 0, 1, 0, 1, 1, 0, 1, 0, 1, 1, 0, 1, 0, 0, 1, 0, 1, 1, 0, 1, 1, 0, 1, 0, 1, 0, 0, 1, 1, 0, 1, 1, 0, 0, 1, 1, 0, 1, 0, 1, 1, 0, 0, 1, 0, 1, 0, 1, 0, 0, 1, 0, 1, 0, 1, 0, 0, 1, 0, 1, 0, 0, 1, 1, 0, 1, 0, 1, 1, 0, 1, 0, 0, 1, 0, 0, 1, 1, 0, 1, 1, 0, 1, 1, 0, 0, 1, 0, 0, 1, 0, 1, 1, 0, 0, 1, 1, 0, 1, 1, 0
 0, 1, 0, 1, 1, 0, 1, 0, 1, 1, 0, 1, 1, 0, 1, 0, 1, 0, 0, 1, 0, 1, 0, 0, 1, 0, 1, 0, 0, 1, 0, 1, 1, 0, 1, 0, 0, 1, 0, 1, 0, 0, 1, 0, 1, 1, 0, 0, 1, 0, 0, 1, 1, 0, 0, 1, 0, 1, 0, 1, 1, 0, 0, 1, 0, 1, 0, 1, 1, 0, 1, 0, 1, 0, 1, 1, 0, 1, 0, 1, 1, 0, 0, 1, 0, 0, 1, 0, 0, 1, 1, 0, 1, 0, 1, 0, 1, 1, 0, 0, 1, 0, 1, 0, 1, 1, 0, 1, 0, 1, 0, 1, 0, 1, 1, 0, 1, 0, 0, 1
 1, 0, 1, 0, 1, 1, 0, 1, 0, 0, 1, 0, 1, 1, 0, 1, 0, 1, 1, 0, 0, 1, 1, 0, 1, 0, 1, 0, 1, 1, 0, 0, 1, 0, 1, 0, 1, 0, 1, 0, 1, 0, 1, 0, 0, 1, 0, 1, 1, 0, 1, 0, 0, 1, 0, 1, 0, 0, 1, 0, 0, 1, 0, 1, 1, 0, 0, 1, 1, 0, 0, 1, 0, 0, 1, 0, 1, 0, 1, 0, 0, 1, 0, 0, 1, 1, 0, 1, 1, 0, 0, 1, 0, 1, 0, 1, 0, 1, 1, 0, 1, 1, 0, 1, 1, 0, 1, 0, 1, 0, 1, 0, 1, 0, 0, 1, 0, 1, 1, 0
 1, 1, 0, 1, 0, 0, 1, 0, 1, 0, 1, 0, 0, 1, 1, 0, 1, 0, 1, 0, 1, 0, 0, 1, 0, 1, 0, 1, 0, 0, 1, 1, 0, 1, 0, 1, 0, 1, 0, 0, 1, 1, 0, 1, 1, 0, 1, 0, 0, 1, 0, 1, 0, 0, 1, 0, 1, 1, 0, 1, 0, 0, 1, 0, 1, 0, 1, 0, 0, 1, 0, 0, 1, 1, 0, 1, 0, 1, 0, 0, 1, 0, 1, 1, 0, 0, 1, 0, 0, 1, 1, 0, 1, 1, 0, 0, 1, 0, 1, 1, 0, 0, 1, 1, 0, 1, 1, 0, 0, 1, 0, 1, 0, 1, 1, 0, 1, 0, 1, 1
 0, 1, 0, 0, 1, 1, 0, 1, 0, 1, 0, 1, 1, 0, 0, 1, 1, 0, 0, 1, 0, 1, 1, 0, 1, 0, 1, 0, 1, 0, 0, 1, 0, 1, 0, 0, 1, 0, 1, 1, 0, 1, 1, 0, 0, 1, 1, 0, 0, 1, 0, 1, 1, 0, 0, 1, 1, 0, 0, 1, 1, 0, 1, 1, 0, 1, 1, 0, 1, 0, 1, 0, 0, 1, 1, 0, 1, 0, 1, 1, 0, 0, 1, 0, 1, 1, 0, 0, 1, 1, 0, 1, 0, 0, 1, 0, 1, 1, 0, 0, 1, 0, 1, 0, 1, 0, 0, 1, 1, 0, 1, 0, 1, 0, 0, 1, 0, 1, 0, 0
 1, 0, 1, 1, 0, 0, 1, 0, 1, 0, 1, 1, 0, 0, 1, 0, 0, 1, 1, 0, 0, 1, 0, 1, 0, 1, 1, 0, 0, 1, 1, 0, 1, 0, 1, 1, 0, 1, 0, 0, 1, 0, 0, 1, 1, 0, 0, 1, 1, 0, 1, 0, 0, 1, 0, 1, 0, 1, 1, 0, 0, 1, 0, 0, 1, 0, 0, 1, 1, 0, 0, 1, 1, 0, 0, 1, 0, 0, 1, 1, 0, 1, 0, 1, 0, 1, 0, 1, 1, 0, 0, 1, 1, 0, 0, 1, 0, 0, 1, 1, 0, 1, 0, 1, 0, 1, 0, 0, 1, 1, 0, 1, 0, 1, 0, 1, 1, 0, 1, 1
 0, 0, 1, 1, 0, 1, 1, 0, 1, 1, 0, 0, 1, 1, 0, 0, 1, 0, 0, 1, 1, 0, 1, 1, 0, 1, 0, 1, 0, 1, 0, 1, 0, 1, 0, 0, 1, 0, 1, 0, 1, 1, 0, 1, 0, 1, 0, 0, 1, 0, 0, 1, 0, 1, 1, 0, 1, 0, 1, 0, 0, 1, 1, 0, 1, 0, 1, 0, 0, 1, 0, 1, 0, 1, 0, 1, 0, 1, 0, 0, 1, 0, 1, 0, 1, 0, 1, 1, 0, 1, 1, 0, 0, 1, 1, 0, 1, 1, 0, 0, 1, 1, 0, 1, 1, 0, 1, 1, 0, 0, 1, 0, 1, 0, 1, 0, 0, 1, 0, 0
 1, 1, 0, 0, 1, 0, 0, 1, 0, 1, 0, 1, 1, 0, 1, 1, 0, 1, 0, 0, 1, 1, 0, 0, 1, 0, 0, 1, 1, 0, 1, 0, 1, 0, 0, 1, 0, 1, 0, 1, 0, 0, 1, 0, 1, 0, 1, 1, 0, 1, 1, 0, 1, 0, 1, 1, 0, 1, 0, 1, 1, 0, 0, 1, 0, 1, 0, 1, 0, 1, 1, 0, 0, 1, 1, 0, 1, 0, 1, 0, 0, 1, 1, 0, 1, 0, 1, 0, 1, 0, 1, 1, 0, 0, 1, 0, 1, 0, 0, 1, 1, 0, 1, 0, 0, 1, 0, 0, 1, 1, 0, 0, 1, 0, 1, 0, 1, 0, 0, 1
 0, 1, 0, 1, 0, 1, 0, 0, 1, 0, 1, 0, 0, 1, 0, 1, 1, 0, 1, 1, 0, 0, 1, 1, 0, 1, 1, 0, 0, 1, 1, 0, 1, 0, 1, 1, 0, 0, 1, 0, 1, 1, 0, 1, 0, 1, 0, 0, 1, 1, 0, 1, 1, 0, 0, 1, 0, 0, 1, 0, 0, 1, 1, 0, 1, 1, 0, 0, 1, 0, 0, 1, 1, 0, 1, 0, 1, 0, 0, 1, 1, 0, 0, 1, 0, 1, 0, 0, 1, 1, 0, 0, 1, 1, 0, 1, 0, 0, 1, 1, 0, 0, 1, 0, 1, 0, 1, 0, 1, 0, 1, 1, 0, 1, 0, 1, 0, 1, 1, 0
 1, 0, 1, 0, 1, 0, 1, 0, 0, 1, 0, 1, 0, 1, 1, 0, 0, 1, 0, 0, 1, 1, 0, 0, 1, 0, 1, 0, 0, 1, 0, 1, 0, 1, 0, 0, 1, 1, 0, 1, 0, 0, 1, 0, 0, 1, 0, 1, 1, 0, 0, 1, 0, 1, 1, 0, 1, 1, 0, 0, 1, 0, 0, 1, 0, 0, 1, 1, 0, 1, 0, 0, 1, 1, 0, 1, 0, 1, 1, 0, 1, 0, 1, 0, 1, 1, 0, 1, 0, 0, 1, 1, 0, 0, 1, 1, 0, 1, 1, 0, 1, 1, 0, 1, 0, 1, 0, 1, 0, 1, 0, 0, 1, 0, 1, 0, 1, 1, 0, 1
 0, 1, 0, 1, 0, 1, 0, 1, 0, 0, 1, 0, 1, 0, 1, 0, 1, 0, 1, 1, 0, 0, 1, 1, 0, 1, 0, 1, 1, 0, 1, 0, 0, 1, 0, 1, 1, 0, 0, 1, 1, 0, 0, 1, 1, 0, 1, 0, 0, 1, 1, 0, 1, 0, 1, 0, 1, 0, 0, 1, 0, 0, 1, 0, 1, 1, 0, 1, 0, 0, 1, 0, 0, 1, 0, 1, 1, 0, 0, 1, 0, 1, 0, 1, 0, 0, 1, 0, 1, 1, 0, 0, 1, 0, 1, 0, 1, 1, 0, 0, 1, 1, 0, 1, 0, 0, 1, 1, 0, 1, 1, 0, 1, 1, 0, 1, 1, 0, 1, 0
 0, 0, 1, 0, 1, 0, 0, 1, 1, 0, 1, 0, 1, 1, 0, 1, 0, 1, 0, 0, 1, 0, 0, 1, 1, 0, 1, 0, 1, 1, 0, 1, 1, 0, 1, 0, 0, 1, 1, 0, 0, 1, 1, 0, 1, 0, 1, 1, 0, 0, 1, 1, 0, 1, 0, 1, 0, 0, 1, 0, 0, 1, 0, 1, 0, 1, 0, 0, 1, 1, 0, 1, 0, 0, 1, 0, 0, 1, 1, 0, 1, 1, 0, 1, 0, 1, 0, 1, 1, 0, 1, 1, 0, 1, 0, 0, 1, 0, 0, 1, 0, 0, 1, 0, 1, 0, 1, 0, 1, 0, 1, 1, 0, 1, 1, 0, 0, 1, 1, 0
 1, 1, 0, 0, 1, 0, 1, 0, 1, 1, 0, 1, 0, 1, 0, 0, 1, 1, 0, 1, 0, 1, 0, 0, 1, 0, 1, 1, 0, 0, 1, 1, 0, 0, 1, 1, 0, 1, 0, 1, 1, 0, 1, 0, 0, 1, 0, 0, 1, 1, 0, 0, 1, 0, 1, 0, 1, 1, 0, 0, 1, 0, 0, 1, 1, 0, 1, 0, 1, 0, 1, 0, 1, 1, 0, 1, 1, 0, 1, 1, 0, 0, 1, 0, 1, 0, 0, 1, 0, 0, 1, 0, 1, 1, 0, 1, 0, 0, 1, 1, 0, 1, 1, 0, 0, 1, 0, 0, 1, 0, 0, 1, 1, 0, 1, 0, 0, 1, 0, 1
 0, 1, 0, 1, 0, 1, 0, 1, 0, 0, 1, 1, 0, 0, 1, 0, 1, 0, 1, 0, 1, 0, 1, 0, 0, 1, 0, 1, 0, 1, 0, 0, 1, 1, 0, 1, 1, 0, 0, 1, 0, 1, 0, 1, 1, 0, 1, 0, 1, 0, 1, 0, 1, 0, 0, 1, 0, 0, 1, 1, 0, 1, 1, 0, 1, 0, 0, 1, 0, 1, 0, 1, 1, 0, 1, 0, 1, 0, 0, 1, 1, 0, 1, 1, 0, 1, 1, 0, 0, 1, 0, 0, 1, 0, 1, 1, 0, 1, 1, 0, 1, 0, 0, 1, 1, 0, 0, 1, 0, 1, 1, 0, 0, 1, 0, 1, 1, 0, 1, 0
 1, 0, 1, 1, 0, 0, 1, 0, 1, 1, 0, 0, 1, 0, 1, 1, 0, 1, 0, 1, 1, 0, 0, 1, 1, 0, 1, 0, 1, 1, 0, 1, 1, 0, 1, 0, 0, 1, 1, 0, 1, 1, 0, 0, 1, 1, 0, 1, 0, 1, 0, 1, 0, 1, 1, 0, 0, 1, 0, 0, 1, 0, 1, 1, 0, 1, 1, 0, 0, 1, 0, 1, 0, 0, 1, 0, 0, 1, 1, 0, 0, 1, 0, 0, 1, 0, 1, 0, 1, 0, 0, 1, 0, 0, 1, 0, 1, 1, 0, 1, 0, 1, 0, 1, 1, 0, 1, 0, 0, 1, 0, 0, 1, 1, 0, 0, 1, 0, 0, 1
 0, 1, 0, 0, 1, 1, 0, 1, 0, 0, 1, 0, 0, 1, 0, 0, 1, 0, 0, 1, 0, 1, 0, 1, 0, 1, 1, 0, 1, 0, 1, 0, 0, 1, 1, 0, 1, 0, 0, 1, 1, 0, 1, 1, 0, 0, 1, 0, 1, 0, 1, 0, 1, 1, 0, 1, 1, 0, 1, 0, 1, 1, 0, 1, 0, 1, 0, 1, 1, 0, 1, 0, 0, 1, 0, 1, 0, 1, 1, 0, 1, 1, 0, 0, 1, 1, 0, 1, 0, 0, 1, 0, 1, 1, 0, 0, 1, 0, 0, 1, 1, 0, 1, 0, 0, 1, 0, 1, 1, 0, 1, 1, 0, 0, 1, 1, 0, 1, 0, 0
 0, 1, 1, 0, 0, 1, 0, 0, 1, 0, 0, 1, 1, 0, 1, 1, 0, 0, 1, 0, 0, 1, 1, 0, 1, 1, 0, 1, 0, 1, 0, 1, 0, 1, 0, 1, 0, 0, 1, 1, 0, 1, 0, 0, 1, 1, 0, 1, 1, 0, 0, 1, 0, 0, 1, 1, 0, 0, 1, 1, 0, 0, 1, 0, 1, 0, 1, 1, 0, 1, 0, 1, 1, 0, 0, 1, 1, 0, 0, 1, 0, 0, 1, 1, 0, 1, 0, 1, 0, 1, 1, 0, 0, 1, 0, 1, 0, 1, 1, 0, 0, 1, 1, 0, 0, 1, 0, 0, 1, 0, 1, 0, 1, 0, 1, 0, 1, 0, 1, 1
 1, 0, 1, 1, 0, 0, 1, 1, 0, 1, 0, 1, 0, 1, 0, 1, 0, 1, 0, 0, 1, 0, 0, 1, 1, 0, 0, 1, 0, 1, 1, 0, 1, 0, 1, 0, 1, 1, 0, 0, 1, 0, 1, 0, 0, 1, 0, 1, 0, 1, 1, 0, 1, 1, 0, 0, 1, 1, 0, 1, 1, 0, 1, 1, 0, 1, 1, 0, 1, 0, 0, 1, 0, 0, 1, 0, 0, 1, 1, 0, 0, 1, 0, 1, 0, 0, 1, 0, 1, 0, 0, 1, 0, 0, 1, 0, 1, 0, 1, 0, 0, 1, 0, 1, 1, 0, 1, 1, 0, 1, 0, 1, 0, 1, 0, 1, 0, 1, 0, 1
 0, 1, 0, 0, 1, 1, 0, 0, 1, 0, 1, 0, 1, 0, 1, 0, 1, 0, 0, 1, 1, 0, 1, 1, 0, 0, 1, 0, 1, 0, 0, 1, 0, 1, 1, 0, 1, 1, 0, 1, 1, 0, 1, 1, 0, 0, 1, 0, 0, 1, 1, 0, 0, 1, 1, 0, 1, 1, 0, 0, 1, 1, 0, 1, 1, 0, 0, 1, 1, 0, 1, 0, 0, 1, 1, 0, 1, 0, 0, 1, 1, 0, 1, 0, 1, 1, 0, 0, 1, 1, 0, 0, 1, 0, 1, 0, 0, 1, 0, 1, 1, 0, 0, 1, 1, 0, 0, 1, 0, 0, 1, 0, 0, 1, 1, 0, 1, 1, 0, 0
 1, 0, 1, 1, 0, 0, 1, 1, 0, 0, 1, 1, 0, 1, 0, 1, 0, 1, 1, 0, 0, 1, 0, 0, 1, 1, 0, 1, 0, 1, 0, 1, 1, 0, 0, 1, 0, 0, 1, 0, 0, 1, 0, 0, 1, 1, 0, 1, 1, 0, 0, 1, 1, 0, 0, 1, 0, 0, 1, 1, 0, 1, 0, 0, 1, 0, 1, 1, 0, 1, 1, 0, 1, 0, 0, 1, 1, 0, 0, 1, 1, 0, 0, 1, 1, 0, 0, 1, 0, 0, 1, 1, 0, 1, 0, 1, 0, 0, 1, 0, 1, 0, 1, 0, 0, 1, 1, 0, 1, 1, 0, 1, 1, 0, 1, 1, 0, 0, 1, 0
 0, 1, 0, 1, 0, 1, 0, 0, 1, 1, 0, 1, 1, 0, 1, 0, 1, 1, 0, 1, 0, 0, 1, 1, 0, 0, 1, 0, 0, 1, 1, 0, 1, 0, 0, 1, 0, 1, 0, 1, 1, 0, 0, 1, 1, 0, 1, 0, 1, 0, 0, 1, 0, 0, 1, 0, 1, 1, 0, 0, 1, 0, 1, 0, 0, 1, 1, 0, 0, 1, 0, 1, 1, 0, 0, 1, 0, 1, 1, 0, 0, 1, 0, 1, 0, 1, 1, 0, 1, 1, 0, 0, 1, 1, 0, 0, 1, 1, 0, 1, 0, 1, 0, 1, 0, 0, 1, 1, 0, 0, 1, 0, 1, 1, 0, 0, 1, 0, 1, 1
 1, 0, 1, 0, 1, 0, 1, 0, 1, 0, 1, 0, 0, 1, 0, 0, 1, 0, 1, 0, 1, 1, 0, 0, 1, 0, 0, 1, 1, 0, 1, 1, 0, 1, 1, 0, 1, 0, 1, 1, 0, 1, 1, 0, 0, 1, 0, 1, 0, 1, 1, 0, 1, 1, 0, 0, 1, 1, 0, 1, 0, 1, 0, 1, 1, 0, 0, 1, 1, 0, 1, 0, 0, 1, 1, 0, 1, 1, 0, 0, 1, 0, 1, 0, 1, 0, 0, 1, 0, 0, 1, 1, 0, 0, 1, 0, 1, 0, 0, 1, 0, 0, 1, 0, 1, 1, 0, 0, 1, 0, 0, 1, 0, 0, 1, 0, 1, 1, 0, 1
 1, 0, 1, 1, 0, 0, 1, 1, 0, 1, 0, 0, 1, 1, 0, 1, 0, 0, 1, 0, 1, 0, 1, 0, 1, 1, 0, 0, 1, 1, 0, 0, 1, 0, 1, 1, 0, 0, 1, 0, 1, 0, 1, 1, 0, 1, 0, 1, 0, 1, 1, 0, 1, 0, 0, 1, 0, 0, 1, 0, 0, 1, 0, 0, 1, 0, 0, 1, 1, 0, 1, 0, 1, 0, 1, 1, 0, 0, 1, 1, 0, 1, 1, 0, 0, 1, 0, 1, 0, 1, 1, 0, 0, 1, 0, 1, 0, 1, 1, 0, 1, 1, 0, 0, 1, 0, 1, 1, 0, 1, 0, 1, 0, 1, 0, 1, 0, 1, 0, 0

 □ ■ □ ■ □ ■ ■ □ ■ □ ■ ■ □ ■ □ □ ■ □ □ ■ ■ □ □ ■ ■ □ ■ □ ■ ■ □ ■ ■ □ ■ ■ □ □ ■ □ ■ □ ■ □ □ ■ □ ■ ■ □ ■ ■ □ ■ □ ■ □ □ ■ □ □ ■ □ ■ ■ □ ■ □ ■ □ □ ■ □ □ ■ ■ □ □ ■ □ ■ □ ■ □ ■ □ □ ■ □ ■ □ ■ □ □ ■ □ ■ ■ □ □ ■ ■ □ ■ ■ □ ■ ■ □ □ ■ □ □ ■ ■ □ ■ ■ □ □
 □ □ ■ □ □ ■ □ ■ ■ □ ■ □ ■ □ ■ ■ □ □ ■ □ ■ □ ■ ■ □ ■ □ ■ □ □ ■ □ ■ □ □ ■ ■ □ □ ■ ■ □ □ ■ ■ □ □ ■ □ ■ ■ □ ■ ■ □ ■ □ ■ □ □ ■ ■ □ ■ □ ■ ■ □ ■ □ ■ ■ □ ■ □ □ ■ □ ■ □ ■ □ □ ■ □ ■ □ ■ ■ □ ■ □ ■ ■ □ □ ■ □ □ ■ ■ □ □ ■ □ □ ■ □ ■ ■ □ ■ ■ □ □ ■ □ □ ■ ■
 ■ ■ □ □ ■ □ □ ■ □ ■ □ ■ □ ■ ■ □ ■ ■ □ ■ □ ■ □ □ ■ □ ■ □ ■ ■ □ ■ □ ■ ■ □ ■ ■ □ ■ □ ■ □ ■ ■ □ ■ □ □ ■ □ □ ■ □ ■ □ ■ □ □ ■ □ □ ■ □ ■ □ □ ■ □ ■ □ □ ■ □ ■ ■ □ ■ □ ■ □ ■ ■ □ ■ □ ■ □ □ ■ □ □ ■ □ ■ ■ □ ■ ■ □ □ ■ ■ □ □ ■ □ □ ■ □ ■ ■ □ ■ ■ □ ■ ■ □ □
 ■ ■ □ ■ ■ □ ■ □ □ ■ □ □ ■ □ □ ■ □ ■ □ □ ■ □ □ ■ □ ■ □ ■ ■ □ □ ■ ■ □ ■ □ □ ■ ■ □ ■ □ ■ □ □ ■ ■ □ ■ □ ■ ■ □ ■ □ ■ □ ■ ■ □ ■ □ ■ □ □ ■ □ □ ■ □ □ ■ □ ■ ■ □ ■ □ ■ □ ■ □ ■ □ □ ■ □ ■ ■ □ □ ■ □ ■ □ □ ■ ■ □ ■ ■ □ ■ □ ■ □ ■ ■ □ □ ■ □ ■ □ ■ ■ □ □ ■ ■
 □ □ ■ □ □ ■ □ ■ ■ □ ■ □ □ ■ □ □ ■ □ ■ □ □ ■ ■ □ □ ■ ■ □ □ ■ ■ □ □ ■ □ ■ ■ □ □ ■ □ ■ ■ □ ■ ■ □ ■ ■ □ □ ■ □ □ ■ □ ■ □ ■ ■ □ ■ □ ■ □ □ ■ ■ □ ■ ■ □ □ ■ □ ■ ■ □ ■ ■ □ ■ □ ■ ■ □ ■ ■ □ ■ ■ □ ■ □ ■ □ ■ □ ■ □ □ ■ □ ■ □ □ ■ □ □ ■ □ □ ■ ■ □ ■ ■ □ □ ■
 ■ □ ■ ■ □ □ ■ □ □ ■ □ ■ ■ □ ■ □ ■ □ □ ■ ■ □ ■ □ ■ □ ■ ■ □ ■ □ ■ ■ □ ■ □ □ ■ □ □ ■ □ □ ■ □ □ ■ □ □ ■ ■ □ ■ ■ □ ■ □ ■ □ ■ □ ■ □ ■ ■ □ ■ □ ■ ■ □ □ ■ □ □ ■ □ ■ □ ■ □ □ ■ □ ■ ■ □ □ ■ □ ■ □ ■ □ □ ■ □ ■ ■ □ □ ■ ■ □ ■ ■ □ ■ ■ □ ■ ■ □ ■ ■ □ □ ■ □ □
 □ ■ □ □ ■ ■ □ ■ □ □ ■ □ ■ ■ □ ■ □ ■ ■ □ □ ■ □ ■ □ ■ □ □ ■ □ ■ ■ □ ■ ■ □ □ ■ ■ □ ■ ■ □ □ ■ □ □ ■ □ ■ □ □ ■ □ □ ■ □ □ ■ □ ■ □ ■ □ ■ ■ □ ■ ■ □ ■ ■ □ □ ■ □ ■ ■ □ □ ■ □ ■ ■ □ ■ □ ■ □ ■ □ ■ □ ■ ■ □ ■ □ □ ■ ■ □ □ ■ ■ □ ■ □ ■ ■ □ □ ■ □ ■ □ □ ■ ■ □
 ■ ■ □ ■ □ □ ■ □ ■ □ ■ ■ □ □ ■ ■ □ □ ■ □ ■ ■ □ ■ ■ □ □ ■ □ ■ ■ □ ■ □ □ ■ ■ □ □ ■ □ □ ■ □ □ ■ □ ■ ■ □ ■ ■ □ ■ ■ □ ■ ■ □ ■ □ □ ■ □ □ ■ ■ □ □ ■ ■ □ ■ ■ □ ■ □ □ ■ □ □ ■ □ □ ■ □ ■ □ ■ ■ □ □ ■ ■ □ ■ ■ □ □ ■ □ □ ■ □ □ ■ ■ □ □ ■ □ ■ ■ □ □ ■ ■ □ □ ■
 □ □ ■ ■ □ ■ ■ □ ■ ■ □ ■ □ ■ □ □ ■ ■ □ ■ □ □ ■ □ ■ □ ■ □ ■ ■ □ ■ ■ □ □ ■ □ ■ ■ □ ■ □ □ ■ □ □ ■ □ □ ■ □ ■ □ ■ □ ■ □ ■ ■ □ □ ■ □ ■ ■ □ ■ □ □ ■ □ □ ■ □ ■ □ ■ □ □ ■ ■ □ ■ ■ □ ■ □ ■ □ □ ■ ■ □ □ ■ □ □ ■ ■ □ ■ ■ □ ■ ■ □ □ ■ ■ □ ■ ■ □ ■ □ ■ □ ■ □ □
 □ □ ■ □ ■ ■ □ ■ □ □ ■ □ ■ □ ■ ■ □ □ ■ □ ■ ■ □ ■ □ ■ □ ■ ■ □ ■ ■ □ ■ ■ □ ■ □ □ ■ □ ■ ■ □ ■ ■ □ ■ □ □ ■ □ ■ □ □ ■ □ □ ■ □ ■ □ ■ □ ■ □ □ ■ ■ □ ■ ■ □ ■ □ ■ □ ■ ■ □ □ ■ □ □ ■ ■ □ □ ■ ■ □ □ ■ ■ □ □ ■ ■ □ □ ■ □ ■ □ ■ ■ □ ■ □ ■ □ □ ■ □ ■ □ □ ■ ■ □
 ■ ■ □ ■ □ □ ■ ■ □ ■ □ ■ □ ■ □ ■ ■ □ □ ■ ■ □ ■ □ ■ □ □ ■ □ ■ □ □ ■ □ ■ □ □ ■ ■ □ □ ■ □ ■ □ □ ■ □ ■ ■ □ ■ □ ■ ■ □ ■ □ □ ■ □ ■ □ ■ □ ■ ■ □ □ ■ □ ■ □ □ ■ □ ■ ■ □ ■ ■ □ ■ ■ □ □ ■ □ ■ □ □ ■ ■ □ □ ■ ■ □ □ ■ □ □ ■ ■ □ □ ■ □ ■ □ □ ■ □ ■ □ ■ ■ □ ■ ■
 □ □ ■ □ ■ □ ■ □ ■ □ ■ ■ □ ■ ■ □ □ ■ ■ □ □ ■ ■ □ □ ■ ■ □ ■ □ □ ■ □ ■ □ ■ □ ■ □ ■ ■ □ ■ □ ■ ■ □ ■ □ □ ■ □ ■ □ □ ■ □ ■ □ □ ■ ■ □ ■ □ ■ □ □ ■ ■ □ □ ■ ■ □ □ ■ □ ■ ■ □ ■ □ □ ■ ■ □ ■ □ □ ■ ■ □ □ ■ □ □ ■ ■ □ ■ ■ □ ■ □ □ ■ ■ □ ■ ■ □ ■ □ ■ ■ □ ■ □ □
 ■ ■ □ ■ □ ■ □ □ ■ ■ □ □ ■ □ ■ □ □ ■ □ ■ ■ □ □ ■ ■ □ □ ■ □ □ ■ □ ■ □ ■ □ ■ □ ■ □ ■ □ ■ ■ □ □ ■ ■ □ ■ ■ □ ■ □ □ ■ □ ■ ■ □ ■ □ ■ □ ■ □ ■ ■ □ □ ■ □ □ ■ □ ■ □ ■ ■ □ ■ □ ■ □ ■ □ ■ ■ □ ■ ■ □ □ ■ ■ □ ■ □ □ ■ □ ■ □ □ ■ ■ □ □ ■ ■ □ ■ □ ■ □ □ ■ □ ■ □
 □ □ ■ ■ □ ■ □ ■ □ □ ■ □ ■ □ □ ■ ■ □ □ ■ □ □ ■ □ ■ ■ □ □ ■ ■ □ ■ □ □ ■ ■ □ ■ □ ■ □ ■ □ ■ ■ □ ■ □ ■ □ □ ■ □ ■ ■ □ ■ □ ■ ■ □ ■ □ □ ■ □ ■ □ ■ □ □ ■ ■ □ ■ □ □ ■ □ ■ □ ■ □ ■ □ ■ □ □ ■ ■ □ ■ ■ □ □ ■ □ ■ ■ □ ■ □ ■ ■ □ ■ □ ■ ■ □ ■ □ □ ■ ■ □ ■ □ □ ■
 ■ □ ■ □ ■ □ ■ ■ □ □ ■ ■ □ ■ ■ □ ■ □ ■ □ □ ■ □ ■ □ ■ ■ □ □ ■ □ □ ■ ■ □ ■ ■ □ □ ■ ■ □ ■ □ □ ■ □ □ ■ □ ■ ■ □ ■ ■ □ □ ■ □ ■ □ □ ■ ■ □ ■ □ ■ □ ■ ■ □ ■ ■ □ □ ■ □ ■ □ ■ □ □ ■ □ ■ □ ■ ■ □ □ ■ □ ■ □ □ ■ □ □ ■ ■ □ □ ■ □ □ ■ □ □ ■ ■ □ ■ □ ■ ■ □ ■ ■ □
 □ ■ □ □ ■ ■ □ □ ■ ■ □ ■ ■ □ ■ □ □ ■ □ ■ ■ □ ■ ■ □ □ ■ ■ □ □ ■ □ □ ■ □ □ ■ □ ■ □ ■ ■ □ □ ■ □ ■ ■ □ ■ ■ □ ■ □ □ ■ □ □ ■ □ ■ ■ □ ■ □ □ ■ □ ■ □ ■ ■ □ □ ■ ■ □ □ ■ □ ■ □ ■ □ ■ □ ■ ■ □ □ ■ □ ■ □ ■ ■ □ □ ■ ■ □ ■ □ □ ■ ■ □ ■ ■ □ □ ■ ■ □ □ ■ ■ □ □ ■
 ■ ■ □ ■ □ □ ■ ■ □ ■ □ □ ■ □ □ ■ ■ □ ■ ■ □ □ ■ □ ■ ■ □ □ ■ □ ■ ■ □ □ ■ □ □ ■ □ ■ □ ■ □ ■ □ ■ □ ■ □ ■ □ ■ □ ■ □ □ ■ ■ □ □ ■ ■ □ □ ■ □ □ ■ □ ■ □ □ ■ ■ □ □ ■ ■ □ ■ □ ■ □ ■ □ ■ ■ □ ■ ■ □ ■ □ ■ □ ■ □ ■ ■ □ ■ □ ■ ■ □ □ ■ □ ■ □ □ ■ □ ■ ■ □ □ ■ ■ □
 □ □ ■ □ ■ □ ■ □ ■ □ ■ ■ □ ■ □ □ ■ ■ □ □ ■ ■ □ □ ■ □ □ ■ □ ■ □ □ ■ ■ □ ■ □ □ ■ ■ □ □ ■ □ ■ ■ □ □ ■ □ ■ □ ■ □ ■ □ ■ □ ■ ■ □ □ ■ □ ■ ■ □ □ ■ ■ □ □ ■ □ ■ ■ □ ■ ■ □ □ ■ ■ □ ■ □ □ ■ □ □ ■ ■ □ ■ ■ □ ■ □ □ ■ ■ □ □ ■ □ ■ □ ■ □ ■ ■ □ ■ □ ■ □ ■ ■ □ ■
 □ ■ □ ■ □ ■ □ ■ □ ■ □ □ ■ □ ■ ■ □ ■ □ ■ □ □ ■ ■ □ □ ■ □ ■ □ ■ ■ □ □ ■ □ ■ ■ □ □ ■ □ ■ □ ■ □ ■ ■ □ □ ■ ■ □ □ ■ ■ □ ■ □ ■ □ ■ □ ■ □ ■ ■ □ ■ □ ■ ■ □ □ ■ □ ■ □ ■ □ ■ □ □ ■ □ ■ ■ □ □ ■ □ □ ■ □ ■ □ ■ ■ □ ■ □ ■ ■ □ ■ ■ □ ■ □ □ ■ □ □ ■ □ ■ ■ □ ■ □
 ■ □ □ ■ ■ □ ■ □ ■ □ ■ ■ □ □ ■ □ ■ □ ■ □ □ ■ ■ □ □ ■ □ □ ■ ■ □ □ ■ ■ □ ■ □ □ ■ □ ■ ■ □ ■ □ ■ □ □ ■ ■ □ □ ■ ■ □ □ ■ □ ■ □ ■ □ ■ ■ □ □ ■ ■ □ ■ □ ■ □ ■ □ ■ □ ■ □ ■ ■ □ □ ■ ■ □ ■ □ ■ □ □ ■ □ ■ □ ■ □ □ ■ □ ■ □ ■ □ ■ □ ■ □ ■ ■ □ ■ ■ □ □ ■ □ ■ □ ■
 □ □ ■ □ ■ ■ □ □ ■ ■ □ □ ■ ■ □ ■ ■ □ ■ □ ■ □ □ ■ ■ □ ■ ■ □ □ ■ □ ■ ■ □ □ ■ ■ □ ■ □ □ ■ □ □ ■ ■ □ □ ■ ■ □ ■ □ ■ ■ □ ■ □ ■ □ ■ □ □ ■ ■ □ □ ■ ■ □ □ ■ ■ □ □ ■ □ ■ □ □ ■ ■ □ ■ □ □ ■ □ ■ ■ □ ■ □ ■ ■ □ ■ ■ □ □ ■ □ ■ □ ■ □ □ ■ □ □ ■ □ ■ ■ □ □ ■ ■ □
 □ ■ □ ■ □ □ ■ ■ □ □ ■ ■ □ □ ■ ■ □ ■ □ ■ □ ■ □ ■ ■ □ □ ■ □ □ ■ ■ □ □ ■ ■ □ □ ■ □ □ ■ ■ □ ■ □ □ ■ ■ □ ■ ■ □ □ ■ ■ □ □ ■ □ ■ ■ □ ■ □ ■ □ ■ □ □ ■ ■ □ □ ■ ■ □ □ ■ ■ □ ■ ■ □ □ ■ ■ □ □ ■ □ ■ □ □ ■ □ ■ □ □ ■ □ ■ ■ □ ■ □ □ ■ □ ■ ■ □ □ ■ ■ □ ■ □ ■ ■
 ■ □ ■ □ □ ■ □ ■ □ ■ ■ □ □ ■ □ □ ■ ■ □ ■ ■ □ ■ □ □ ■ ■ □ ■ ■ □ ■ ■ □ □ ■ □ ■ ■ □ ■ □ □ ■ □ □ ■ ■ □ ■ □ □ ■ ■ □ □ ■ ■ □ ■ □ □ ■ ■ □ □ ■ □ ■ ■ □ □ ■ ■ □ ■ □ ■ □ □ ■ □ □ ■ □ ■ □ □ ■ □ ■ □ ■ ■ □ ■ ■ □ ■ □ ■ □ ■ ■ □ □ ■ ■ □ ■ □ ■ ■ □ □ ■ □ ■ □ □
 □ ■ ■ □ ■ ■ □ □ ■ □ □ ■ ■ □ ■ □ ■ □ ■ □ ■ □ ■ ■ □ □ ■ ■ □ ■ ■ □ □ ■ ■ □ ■ ■ □ ■ ■ □ ■ ■ □ ■ □ □ ■ □ ■ □ □ ■ □ ■ ■ □ □ ■ □ ■ □ □ ■ □ □ ■ □ □ ■ ■ □ □ ■ □ ■ ■ □ ■ □ ■ □ □ ■ □ ■ ■ □ ■ □ ■ □ □ ■ □ □ ■ ■ □ □ ■ □ □ ■ ■ □ □ ■ □ ■ □ ■ ■ □ ■ ■ □ □ ■
 ■ □ □ ■ ■ □ ■ ■ □ ■ □ ■ □ ■ □ ■ □ ■ □ ■ □ ■ □ □ ■ □ □ ■ □ □ ■ ■ □ □ ■ □ ■ □ ■ □ □ ■ □ □ ■ □ □ ■ □ ■ □ ■ ■ □ ■ ■ □ □ ■ □ ■ ■ □ □ ■ ■ □ ■ ■ □ □ ■ □ ■ □ □ ■ □ ■ □ ■ □ ■ □ ■ ■ □ ■ ■ □ ■ □ ■ ■ □ ■ ■ □ □ ■ ■ □ □ ■ ■ □ ■ □ □ ■ ■ □ □ ■ ■ □ ■ □ ■ □
 ■ □ □ ■ □ ■ ■ □ □ ■ ■ □ ■ □ ■ □ □ ■ ■ □ □ ■ □ ■ □ ■ □ □ ■ ■ □ □ ■ ■ □ ■ □ □ ■ □ □ ■ ■ □ ■ □ ■ □ ■ ■ □ ■ □ ■ □ □ ■ ■ □ □ ■ □ ■ ■ □ ■ ■ □ □ ■ ■ □ ■ □ ■ ■ □ ■ ■ □ □ ■ □ ■ □ □ ■ □ □ ■ □ ■ □ □ ■ □ □ ■ □ ■ □ ■ ■ □ □ ■ □ ■ ■ □ □ ■ ■ □ ■ ■ □ ■ □ ■
 □ ■ ■ □ ■ □ □ ■ ■ □ □ ■ ■ □ ■ □ ■ □ □ ■ ■ □ ■ ■ □ ■ ■ □ ■ □ ■ □ ■ □ ■ □ □ ■ □ ■ ■ □ □ ■ □ ■ □ ■ □ □ ■ □ ■ □ □ ■ □ ■ □ ■ □ ■ □ ■ ■ □ □ ■ □ ■ □ □ ■ □ ■ □ ■ ■ □ ■ ■ □ ■ ■ □ ■ ■ □ ■ □ ■ □ ■ □ □ ■ □ □ ■ □ ■ □ □ ■ □ ■ □ ■ □ ■ ■ □ □ ■ □ ■ ■ □ ■ □
 □ □ ■ ■ □ ■ □ □ ■ □ ■ □ □ ■ □ ■ ■ □ ■ □ □ ■ □ □ ■ □ ■ ■ □ ■ □ ■ □ ■ □ ■ ■ □ □ ■ □ ■ □ ■ ■ □ □ ■ □ □ ■ ■ □ ■ ■ □ ■ □ ■ □ ■ □ ■ □ ■ □ □ ■ ■ □ □ ■ □ ■ □ □ ■ □ ■ ■ □ ■ □ □ ■ ■ □ ■ □ ■ □ ■ □ ■ ■ □ ■ ■ □ ■ □ ■ ■ □ ■ □ ■ □ □ ■ ■ □ ■ □ ■ □ □ ■ □ ■
 ■ ■ □ □ ■ □ ■ ■ □ ■ □ ■ □ ■ ■ □ □ ■ ■ □ ■ □ □ ■ ■ □ □ ■ □ ■ □ ■ □ □ ■ ■ □ □ ■ □ □ ■ ■ □ □ ■ ■ □ ■ ■ □ □ ■ □ □ ■ ■ □ □ ■ ■ □ □ ■ □ ■ ■ □ ■ □ ■ □ ■ □ ■ ■ □ ■ □ □ ■ □ ■ □ ■ □ □ ■ □ ■ □ ■ ■ □ □ ■ □ ■ □ □ ■ □ □ ■ ■ □ □ ■ ■ □ □ ■ □ ■ □ ■ ■ □ ■ ■
 □ ■ ■ □ □ ■ ■ □ ■ □ ■ □ ■ □ □ ■ ■ □ □ ■ □ ■ ■ □ □ ■ □ □ ■ □ ■ □ ■ ■ □ □ ■ ■ □ ■ ■ □ □ ■ ■ □ □ ■ □ ■ □ ■ □ □ ■ ■ □ ■ ■ □ □ ■ □ □ ■ □ □ ■ □ ■ ■ □ ■ ■ □ □ ■ □ □ ■ ■ □ ■ ■ □ ■ ■ □ ■ □ ■ □ □ ■ ■ □ ■ □ ■ □ ■ □ ■ ■ □ ■ □ ■ □ □ ■ □ ■ ■ □ □ ■ ■ □ □
 ■ □ ■ ■ □ ■ □ ■ ■ □ ■ □ ■ □ □ ■ □ □ ■ □ ■ □ ■ □ ■ □ ■ ■ □ ■ ■ □ ■ □ ■ □ ■ □ ■ □ □ ■ ■ □ □ ■ ■ □ ■ □ ■ ■ □ ■ ■ □ ■ □ □ ■ ■ □ ■ □ ■ □ ■ □ ■ □ □ ■ □ □ ■ ■ □ ■ ■ □ □ ■ □ □ ■ □ □ ■ □ □ ■ □ ■ □ □ ■ ■ □ ■ ■ □ ■ □ □ ■ □ ■ □ ■ ■ □ ■ □ □ ■ □ □ ■ □ ■
 ■ ■ □ ■ ■ □ ■ □ □ ■ □ ■ □ ■ ■ □ ■ ■ □ ■ □ ■ □ ■ □ □ ■ □ ■ ■ □ ■ □ □ ■ ■ □ ■ □ □ ■ □ ■ □ ■ □ □ ■ □ ■ □ □ ■ ■ □ □ ■ □ □ ■ □ □ ■ ■ □ ■ □ ■ □ ■ □ □ ■ □ □ ■ ■ □ ■ □ ■ □ □ ■ □ ■ ■ □ ■ ■ □ ■ □ ■ ■ □ □ ■ □ □ ■ ■ □ □ ■ ■ □ ■ ■ □ □ ■ ■ □ ■ ■ □ □ ■ □
 □ □ ■ □ □ ■ □ □ ■ □ ■ □ ■ ■ □ ■ □ □ ■ □ □ ■ ■ □ ■ ■ □ ■ □ □ ■ □ ■ ■ □ ■ ■ □ □ ■ ■ □ □ ■ □ ■ □ ■ ■ □ ■ ■ □ □ ■ ■ □ ■ ■ □ □ ■ □ ■ ■ □ ■ □ ■ □ ■ ■ □ ■ □ □ ■ ■ □ ■ □ □ ■ □ □ ■ □ ■ □ ■ ■ □ ■ □ ■ □ ■ □ □ ■ ■ □ ■ ■ □ □ ■ □ □ ■ ■ □ □ ■ □ □ ■ □ ■ ■
 □ ■ ■ □ □ ■ □ ■ □ ■ □ ■ ■ □ □ ■ ■ □ □ ■ ■ □ ■ □ □ ■ □ □ ■ ■ □ ■ □ ■ ■ □ □ ■ ■ □ □ ■ □ □ ■ □ ■ □ ■ ■ □ ■ ■ □ ■ □ □ ■ □ □ ■ □ ■ □ ■ ■ □ ■ □ □ ■ ■ □ □ ■ □ □ ■ ■ □ ■ ■ □ ■ ■ □ ■ □ ■ □ ■ □ □ ■ □ ■ □ □ ■ ■ □ ■ ■ □ ■ ■ □ ■ ■ □ □ ■ ■ □ ■ □ □ ■ □ □
 ■ ■ □ ■ ■ □ ■ □ □ ■ □ ■ □ □ ■ □ □ ■ □ ■ □ ■ □ ■ ■ □ ■ ■ □ ■ □ □ ■ □ □ ■ □ ■ ■ □ □ ■ ■ □ ■ ■ □ ■ □ □ ■ □ □ ■ □ ■ ■ □ ■ ■ □ □ ■ ■ □ ■ ■ □ ■ ■ □ □ ■ □ □ ■ ■ □ □ ■ □ □ ■ □ □ ■ ■ □ ■ □ □ ■ ■ □ ■ □ □ ■ ■ □ □ ■ □ ■ □ ■ ■ □ □ ■ □ ■ □ ■ □ ■ ■ □ ■ □
 □ □ ■ □ ■ □ □ ■ ■ □ ■ □ ■ ■ □ ■ ■ □ ■ □ ■ □ ■ ■ □ ■ □ □ ■ □ ■ □ ■ □ ■ □ ■ □ □ ■ ■ □ ■ ■ □ ■ ■ □ □ ■ □ ■ □ ■ □ □ ■ ■ □ □ ■ ■ □ □ ■ □ □ ■ ■ □ ■ ■ □ ■ □ ■ □ □ ■ □ ■ ■ □ ■ ■ □ □ ■ □ ■ ■ □ □ ■ □ □ ■ ■ □ □ ■ □ ■ ■ □ □ ■ □ □ ■ ■ □ ■ □ ■ □ □ ■ □ ■
 □ ■ □ ■ □ ■ ■ □ ■ □ □ ■ □ ■ ■ □ ■ □ ■ □ □ ■ ■ □ ■ □ ■ ■ □ □ ■ ■ □ ■ □ ■ □ ■ □ ■ ■ □ □ ■ ■ □ ■ □ ■ □ ■ □ ■ □ ■ ■ □ □ ■ □ ■ □ ■ □ □ ■ ■ □ □ ■ □ ■ □ □ ■ □ ■ ■ □ ■ □ □ ■ □ ■ □ ■ □ ■ □ □ ■ □ □ ■ ■ □ □ ■ ■ □ ■ □ □ ■ ■ □ ■ ■ □ ■ □ □ ■ □ □ ■ ■ □ ■
 ■ ■ □ ■ ■ □ ■ □ □ ■ □ □ ■ □ □ ■ □ ■ □ ■ ■ □ □ ■ □ ■ □ □ ■ ■ □ ■ □ ■ ■ □ □ ■ ■ □ □ ■ ■ □ □ ■ □ ■ □ ■ □ □ ■ □ ■ □ ■ ■ □ ■ □ ■ □ ■ ■ □ □ ■ ■ □ ■ □ ■ □ ■ ■ □ □ ■ □ ■ □ ■ □ □ ■ ■ □ □ ■ ■ □ ■ ■ □ □ ■ ■ □ □ ■ □ ■ □ ■ ■ □ ■ □ ■ □ ■ □ ■ □ ■ □ □ ■ □
 □ □ ■ □ □ ■ □ ■ ■ □ ■ ■ □ □ ■ ■ □ ■ ■ □ ■ ■ □ □ ■ □ ■ □ ■ ■ □ □ ■ □ □ ■ ■ □ ■ □ □ ■ □ ■ □ □ ■ □ ■ ■ □ ■ □ ■ □ ■ □ ■ □ ■ ■ □ ■ □ ■ □ □ ■ □ ■ ■ □ □ ■ □ ■ □ ■ □ ■ □ ■ □ ■ ■ □ □ ■ □ ■ ■ □ □ ■ □ ■ ■ □ ■ ■ □ ■ □ ■ □ □ ■ □ □ ■ ■ □ ■ □ ■ □ □ ■ □ ■
 ■ ■ □ □ ■ ■ □ ■ □ ■ □ □ ■ ■ □ □ ■ □ □ ■ □ □ ■ □ ■ □ ■ ■ □ □ ■ ■ □ ■ ■ □ ■ □ □ ■ ■ □ ■ □ ■ □ □ ■ □ □ ■ □ □ ■ ■ □ ■ □ ■ □ ■ □ ■ □ □ ■ ■ □ ■ ■ □ ■ ■ □ ■ □ ■ □ ■ ■ □ □ ■ ■ □ □ ■ □ ■ □ □ ■ □ □ ■ □ □ ■ ■ □ ■ ■ □ □ ■ ■ □ ■ ■ □ ■ ■ □ □ ■ □ ■ □ ■ □
 □ □ ■ ■ □ □ ■ □ □ ■ ■ □ □ ■ □ ■ □ ■ ■ □ □ ■ □ ■ □ ■ □ ■ □ ■ □ □ ■ □ □ ■ □ ■ □ ■ ■ □ □ ■ □ ■ □ □ ■ ■ □ ■ ■ □ ■ □ ■ □ ■ ■ □ ■ □ ■ □ ■ □ ■ □ □ ■ ■ □ ■ □ □ ■ □ ■ □ ■ □ ■ □ ■ ■ □ ■ ■ □ ■ □ ■ □ ■ □ ■ ■ □ □ ■ □ ■ ■ □ □ ■ ■ □ ■ □ □ ■ ■ □ ■ ■ □ ■ □
 □ ■ □ ■ ■ □ □ ■ ■ □ ■ ■ □ □ ■ □ ■ ■ □ □ ■ □ □ ■ □ ■ ■ □ ■ ■ □ □ ■ □ ■ □ ■ □ ■ □ □ ■ ■ □ ■ □ ■ ■ □ □ ■ □ ■ ■ □ ■ □ ■ □ ■ □ ■ ■ □ ■ □ ■ ■ □ □ ■ □ □ ■ □ ■ □ ■ □ ■ □ ■ □ ■ ■ □ ■ □ □ ■ ■ □ □ ■ □ ■ □ □ ■ ■ □ ■ □ ■ □ ■ □ □ ■ ■ □ □ ■ □ □ ■ □ ■ □ ■
 ■ □ ■ □ □ ■ ■ □ ■ ■ □ □ ■ □ □ ■ □ □ ■ ■ □ ■ ■ □ ■ □ ■ ■ □ □ ■ ■ □ ■ ■ □ □ ■ □ ■ □ □ ■ □ □ ■ ■ □ ■ □ ■ □ □ ■ □ ■ ■ □ ■ □ ■ □ □ ■ ■ □ ■ □ ■ ■ □ □ ■ □ ■ □ ■ □ ■ □ ■ □ ■ □ □ ■ ■ □ ■ □ □ ■ □ □ ■ □ ■ ■ □ □ ■ ■ □ □ ■ ■ □ ■ □ □ ■ ■ □ ■ ■ □ ■ ■ □ □
 ■ □ ■ □ ■ □ □ ■ □ □ ■ ■ □ ■ ■ □ ■ □ ■ □ ■ ■ □ □ ■ ■ □ ■ □ □ ■ ■ □ ■ □ ■ □ □ ■ □ ■ □ □ ■ ■ □ □ ■ □ ■ □ ■ ■ □ ■ □ □ ■ □ ■ □ □ ■ ■ □ ■ □ ■ ■ □ □ ■ □ ■ □ ■ □ ■ □ ■ ■ □ ■ □ ■ □ □ ■ ■ □ □ ■ ■ □ ■ □ □ ■ □ □ ■ □ ■ ■ □ □ ■ □ ■ □ □ ■ ■ □ ■ ■ □ □ ■ ■
 □ ■ □ ■ □ ■ □ □ ■ □ ■ □ ■ ■ □ □ ■ ■ □ ■ □ □ ■ ■ □ □ ■ □ ■ ■ □ □ ■ □ ■ □ ■ □ ■ ■ □ ■ ■ □ □ ■ ■ □ ■ □ ■ ■ □ □ ■ □ ■ □ □ ■ □ ■ □ □ ■ □ ■ ■ □ ■ ■ □ ■ □ ■ ■ □ □ ■ □ □ ■ □ ■ □ □ ■ □ □ ■ ■ □ ■ ■ □ ■ □ □ ■ ■ □ ■ □ ■ □ ■ □ ■ □ ■ ■ □ □ ■ □ □ ■ ■ □ ■
 □ ■ ■ □ ■ □ ■ □ □ ■ □ ■ □ □ ■ ■ □ ■ □ ■ □ ■ ■ □ □ ■ □ ■ □ ■ ■ □ □ ■ ■ □ □ ■ □ □ ■ ■ □ ■ □ ■ □ ■ □ ■ □ □ ■ ■ □ ■ □ ■ ■ □ ■ □ ■ □ □ ■ □ □ ■ □ ■ □ □ ■ ■ □ ■ □ □ ■ ■ □ □ ■ □ ■ □ ■ ■ □ ■ ■ □ ■ □ ■ ■ □ ■ □ ■ ■ □ □ ■ ■ □ □ ■ □ □ ■ ■ □ ■ □ ■ □ ■ □
 ■ □ □ ■ ■ □ □ ■ □ ■ ■ □ ■ ■ □ □ ■ □ ■ □ ■ ■ □ □ ■ □ ■ □ ■ □ □ ■ ■ □ □ ■ □ □ ■ □ ■ □ □ ■ ■ □ ■ □ ■ □ □ ■ □ □ ■ □ ■ ■ □ ■ ■ □ ■ ■ □ □ ■ ■ □ ■ □ ■ ■ □ □ ■ □ ■ □ ■ ■ □ ■ □ ■ □ ■ □ ■ ■ □ ■ ■ □ ■ □ ■ ■ □ ■ □ □ ■ □ ■ □ ■ □ □ ■ ■ □ □ ■ □ ■ □ □ ■ □
 ■ ■ □ ■ □ ■ ■ □ ■ □ □ ■ □ ■ ■ □ □ ■ □ ■ □ □ ■ ■ □ □ ■ ■ □ ■ □ □ ■ ■ □ □ ■ □ ■ ■ □ ■ ■ □ ■ □ □ ■ □ □ ■ □ ■ ■ □ ■ ■ □ □ ■ □ ■ □ □ ■ ■ □ □ ■ ■ □ ■ □ □ ■ □ ■ □ ■ □ □ ■ ■ □ □ ■ □ ■ □ ■ ■ □ □ ■ □ ■ □ □ ■ ■ □ ■ □ ■ □ ■ □ ■ □ □ ■ ■ □ ■ □ □ ■ ■ □ ■
 □ □ ■ □ □ ■ ■ □ □ ■ ■ □ ■ □ □ ■ ■ □ □ ■ □ □ ■ ■ □ ■ □ ■ □ □ ■ □ □ ■ ■ □ ■ ■ □ ■ ■ □ ■ ■ □ ■ □ □ ■ ■ □ ■ ■ □ □ ■ □ □ ■ □ ■ □ ■ ■ □ □ ■ ■ □ □ ■ □ □ ■ □ ■ ■ □ ■ ■ □ ■ □ ■ ■ □ □ ■ □ □ ■ ■ □ □ ■ ■ □ ■ □ □ ■ □ ■ ■ □ □ ■ □ ■ ■ □ □ ■ □ ■ ■ □ □ ■ ■
 ■ ■ □ ■ ■ □ □ ■ ■ □ □ ■ □ □ ■ □ ■ □ ■ □ ■ ■ □ □ ■ ■ □ □ ■ □ □ ■ □ □ ■ ■ □ ■ ■ □ □ ■ □ ■ ■ □ ■ □ □ ■ ■ □ □ ■ ■ □ ■ ■ □ □ ■ ■ □ ■ ■ □ ■ □ ■ □ □ ■ ■ □ ■ ■ □ ■ □ □ ■ □ □ ■ □ □ ■ □ ■ ■ □ □ ■ ■ □ □ ■ ■ □ ■ ■ □ ■ □ ■ □ ■ □ ■ □ ■ □ □ ■ □ ■ □ ■ □ □
 ■ □ ■ □ ■ □ ■ ■ □ □ ■ ■ □ ■ ■ □ □ ■ □ □ ■ ■ □ □ ■ □ ■ □ □ ■ ■ □ ■ □ □ ■ ■ □ □ ■ □ □ ■ □ ■ ■ □ ■ ■ □ □ ■ ■ □ □ ■ □ □ ■ ■ □ ■ ■ □ ■ ■ □ □ ■ ■ □ ■ □ □ ■ □ ■ ■ □ ■ □ ■ ■ □ □ ■ □ □ ■ □ □ ■ ■ □ ■ ■ □ □ ■ ■ □ ■ □ ■ □ ■ □ ■ □ □ ■ ■ □ ■ □ □ ■ □ ■ □
 □ ■ □ ■ □ ■ ■ □ ■ ■ □ □ ■ □ □ ■ ■ □ □ ■ □ □ ■ ■ □ □ ■ ■ □ ■ □ □ ■ ■ □ □ ■ □ ■ □ ■ ■ □ ■ □ □ ■ □ □ ■ ■ □ ■ □ ■ □ ■ ■ □ ■ ■ □ □ ■ □ ■ □ ■ □ ■ ■ □ ■ ■ □ ■ □ □ ■ □ □ ■ □ ■ ■ □ ■ ■ □ □ ■ □ □ ■ □ ■ □ ■ ■ □ ■ □ □ ■ ■ □ □ ■ □ ■ □ □ ■ □ ■ ■ □ ■ □ ■
 □ ■ ■ □ ■ □ □ ■ □ □ ■ □ □ ■ ■ □ □ ■ ■ □ ■ □ □ ■ □ ■ □ □ ■ □ ■ ■ □ □ ■ ■ □ ■ □ ■ □ □ ■ □ ■ □ □ ■ ■ □ □ ■ □ ■ □ ■ ■ □ ■ □ □ ■ ■ □ ■ □ ■ ■ □ □ ■ □ ■ □ ■ □ ■ ■ □ ■ ■ □ ■ □ □ ■ ■ □ ■ ■ □ ■ □ ■ ■ □ ■ □ □ ■ □ ■ ■ □ □ ■ ■ □ ■ □ ■ □ ■ ■ □ □ ■ ■ □ □
 ■ □ □ ■ ■ □ □ ■ ■ □ □ ■ ■ □ ■ ■ □ ■ □ ■ □ ■ ■ □ ■ □ ■ □ □ ■ ■ □ □ ■ □ ■ □ □ ■ □ □ ■ □ ■ □ ■ ■ □ ■ □ □ ■ □ □ ■ ■ □ ■ □ ■ ■ □ ■ □ □ ■ ■ □ ■ □ □ ■ □ ■ □ □ ■ ■ □ □ ■ □ ■ ■ □ ■ □ ■ ■ □ ■ □ ■ □ □ ■ □ ■ □ ■ □ ■ ■ □ □ ■ □ ■ ■ □ □ ■ □ □ ■ □ ■ □ ■ ■
 ■ □ ■ ■ □ ■ ■ □ □ ■ ■ □ □ ■ □ □ ■ □ □ ■ □ □ ■ ■ □ ■ □ ■ □ ■ □ ■ ■ □ ■ □ ■ ■ □ ■ ■ □ ■ ■ □ ■ ■ □ □ ■ ■ □ ■ ■ □ □ ■ □ ■ □ □ ■ □ ■ □ ■ □ □ ■ ■ □ ■ ■ □ ■ ■ □ □ ■ ■ □ ■ □ □ ■ □ □ ■ □ ■ □ □ ■ □ ■ □ ■ □ ■ □ ■ □ □ ■ ■ □ ■ □ □ ■ □ □ ■ □ □ ■ □ ■ ■ □
 □ ■ □ □ ■ □ □ ■ ■ □ ■ □ ■ ■ □ ■ □ □ ■ □ ■ ■ □ □ ■ □ ■ □ ■ □ ■ □ ■ ■ □ ■ □ □ ■ □ ■ ■ □ □ ■ □ □ ■ ■ □ □ ■ ■ □ ■ ■ □ ■ □ ■ ■ □ ■ □ ■ □ □ ■ □ □ ■ □ ■ ■ □ ■ □ □ ■ □ □ ■ □ ■ □ □ ■ □ ■ ■ □ ■ □ ■ □ ■ □ ■ □ ■ □ ■ ■ □ ■ □ ■ □ ■ □ ■ ■ □ ■ ■ □ □ ■ □ ■
 □ □ ■ ■ □ ■ □ □ ■ ■ □ ■ ■ □ ■ □ □ ■ ■ □ ■ ■ □ ■ □ ■ □ □ ■ □ □ ■ □ ■ □ ■ □ ■ ■ □ □ ■ ■ □ ■ □ ■ ■ □ ■ ■ □ □ ■ □ □ ■ □ ■ □ □ ■ □ ■ ■ □ ■ □ □ ■ □ ■ □ □ ■ □ ■ ■ □ ■ ■ □ ■ □ ■ ■ □ □ ■ □ ■ □ ■ ■ □ □ ■ □ □ ■ □ ■ ■ □ □ ■ □ ■ □ ■ □ ■ ■ □ ■ □ ■ □ □ ■
 ■ ■ □ ■ □ □ ■ ■ □ ■ □ ■ □ ■ □ □ ■ □ □ ■ □ □ ■ □ ■ □ ■ ■ □ ■ □ ■ □ □ ■ □ ■ □ □ ■ ■ □ □ ■ □ ■ ■ □ ■ □ ■ □ ■ □ ■ □ ■ ■ □ ■ ■ □ □ ■ □ ■ ■ □ ■ ■ □ □ ■ ■ □ ■ □ □ ■ ■ □ ■ □ ■ □ □ ■ ■ □ ■ □ ■ ■ □ ■ □ □ ■ ■ □ ■ □ □ ■ ■ □ ■ □ □ ■ □ □ ■ ■ □ ■ □ □ ■ □
 ■ □ ■ □ ■ □ □ ■ □ □ ■ □ ■ □ ■ ■ □ ■ ■ □ □ ■ ■ □ □ ■ □ □ ■ □ ■ □ ■ ■ □ ■ ■ □ □ ■ □ ■ ■ □ □ ■ □ ■ □ ■ □ ■ □ ■ □ ■ □ □ ■ ■ □ ■ ■ □ ■ □ □ ■ □ □ ■ □ ■ □ ■ □ ■ □ ■ □ ■ ■ □ □ ■ □ ■ □ ■ □ ■ □ □ ■ □ ■ □ ■ ■ □ □ ■ ■ □ □ ■ ■ □ ■ □ ■ ■ □ □ ■ ■ □ ■ □ ■
 □ □ ■ □ ■ ■ □ □ ■ ■ □ ■ ■ □ □ ■ □ ■ □ ■ ■ □ □ ■ □ ■ □ □ ■ ■ □ ■ □ □ ■ □ □ ■ ■ □ ■ □ □ ■ ■ □ ■ □ ■ ■ □ □ ■ ■ □ □ ■ ■ □ □ ■ □ □ ■ □ □ ■ ■ □ ■ □ ■ □ ■ □ ■ □ ■ □ ■ ■ □ ■ ■ □ ■ □ ■ □ ■ □ □ ■ ■ □ ■ ■ □ □ ■ ■ □ □ ■ □ ■ □ ■ □ □ ■ □ ■ ■ □ □ ■ ■ □ ■
 ■ ■ □ ■ □ □ ■ ■ □ □ ■ □ □ ■ ■ □ ■ □ ■ □ ■ □ □ ■ ■ □ ■ ■ □ □ ■ □ ■ □ ■ □ ■ ■ □ ■ □ ■ ■ □ □ ■ □ ■ ■ □ ■ □ ■ □ ■ ■ □ □ ■ ■ □ □ ■ □ □ ■ ■ □ ■ □ ■ □ ■ □ ■ □ □ ■ ■ □ □ ■ □ □ ■ ■ □ □ ■ □ ■ ■ □ □ ■ □ ■ □ ■ ■ □ □ ■ □ ■ □ ■ □ □ ■ □ ■ ■ □ □ ■ ■ □ ■ □
 □ ■ ■ □ □ ■ □ □ ■ □ ■ ■ □ ■ □ ■ □ ■ ■ □ □ ■ ■ □ □ ■ ■ □ ■ ■ □ ■ □ ■ □ ■ □ □ ■ □ ■ ■ □ ■ □ ■ ■ □ □ ■ □ ■ □ □ ■ □ □ ■ ■ □ □ ■ □ ■ ■ □ □ ■ □ □ ■ ■ □ ■ ■ □ ■ □ ■ □ ■ □ ■ ■ □ □ ■ ■ □ □ ■ ■ □ □ ■ □ □ ■ ■ □ □ ■ □ ■ ■ □ □ ■ ■ □ □ ■ □ ■ ■ □ □ ■ □ ■
 ■ □ □ ■ ■ □ □ ■ □ ■ □ ■ ■ □ ■ □ □ ■ □ ■ ■ □ □ ■ ■ □ □ ■ □ ■ □ ■ ■ □ ■ □ ■ ■ □ ■ ■ □ ■ □ ■ □ ■ □ ■ □ ■ □ □ ■ □ □ ■ □ □ ■ ■ □ ■ □ ■ □ ■ □ ■ ■ □ ■ □ ■ □ ■ □ ■ □ ■ □ ■ □ □ ■ ■ □ □ ■ ■ □ □ ■ ■ □ ■ □ ■ □ □ ■ □ □ ■ □ ■ ■ □ □ ■ ■ □ ■ □ □ ■ □ ■ ■ □
 ■ □ ■ □ □ ■ ■ □ □ ■ □ □ ■ ■ □ □ ■ □ ■ ■ □ ■ ■ □ ■ ■ □ ■ ■ □ ■ □ □ ■ □ ■ □ □ ■ ■ □ ■ □ ■ ■ □ □ ■ ■ □ ■ □ ■ ■ □ ■ □ ■ ■ □ ■ □ ■ ■ □ ■ ■ □ ■ □ ■ □ ■ □ ■ □ □ ■ □ □ ■ ■ □ ■ □ ■ □ ■ □ □ ■ □ □ ■ □ □ ■ □ □ ■ □ □ ■ □ ■ □ □ ■ □ ■ □ ■ ■ □ ■ □ ■ □ □ ■
 □ ■ □ ■ ■ □ ■ □ ■ □ ■ □ □ ■ □ ■ ■ □ ■ □ ■ □ □ ■ □ ■ ■ □ □ ■ □ □ ■ □ ■ ■ □ ■ ■ □ ■ □ ■ □ □ ■ ■ □ □ ■ □ ■ ■ □ ■ ■ □ □ ■ □ □ ■ □ ■ □ ■ □ ■ □ ■ □ □ ■ ■ □ □ ■ □ ■ ■ □ □ ■ □ ■ □ ■ ■ □ ■ □ ■ ■ □ ■ ■ □ □ ■ □ □ ■ ■ □ ■ □ ■ □ ■ □ ■ □ □ ■ □ ■ □ ■ ■ □
 ■ ■ □ ■ □ ■ □ ■ □ □ ■ ■ □ □ ■ □ □ ■ □ □ ■ □ ■ □ ■ □ ■ ■ □ ■ □ ■ ■ □ ■ □ ■ □ □ ■ ■ □ ■ ■ □ □ ■ ■ □ ■ □ ■ □ □ ■ □ ■ □ □ ■ □ ■ □ □ ■ □ ■ ■ □ □ ■ ■ □ ■ □ ■ ■ □ ■ □ ■ ■ □ ■ □ ■ □ □ ■ □ ■ □ ■ □ □ ■ □ ■ □ ■ ■ □ □ ■ □ ■ ■ □ ■ □ ■ ■ □ ■ □ □ ■ □ ■ □
 □ □ ■ □ □ ■ ■ □ ■ ■ □ □ ■ ■ □ ■ □ ■ □ ■ □ ■ □ ■ ■ □ □ ■ ■ □ ■ ■ □ ■ □ □ ■ □ ■ □ □ ■ □ □ ■ ■ □ ■ ■ □ ■ □ □ ■ □ ■ □ ■ □ ■ ■ □ ■ ■ □ ■ □ □ ■ ■ □ □ ■ □ ■ ■ □ ■ □ ■ □ □ ■ □ ■ □ ■ □ □ ■ □ ■ □ ■ ■ □ ■ ■ □ □ ■ □ □ ■ □ ■ □ ■ □ ■ □ □ ■ □ ■ □ ■ ■ □ ■
 □ ■ □ □ ■ □ □ ■ □ □ ■ □ □ ■ □ ■ ■ □ ■ ■ □ □ ■ ■ □ ■ □ □ ■ ■ □ □ ■ □ ■ ■ □ ■ □ ■ ■ □ ■ ■ □ ■ ■ □ □ ■ □ □ ■ □ ■ □ ■ □ ■ □ □ ■ □ ■ ■ □ □ ■ ■ □ ■ □ □ ■ □ □ ■ □ ■ □ ■ □ ■ □ ■ ■ □ ■ ■ □ ■ □ □ ■ □ ■ □ □ ■ ■ □ ■ ■ □ ■ □ ■ ■ □ □ ■ ■ □ □ ■ ■ □ □ ■ ■
 ■ □ □ ■ □ □ ■ □ ■ ■ □ ■ □ □ ■ □ ■ ■ □ □ ■ ■ □ □ ■ □ ■ □ □ ■ ■ □ ■ ■ □ ■ ■ □ ■ □ ■ □ □ ■ ■ □ □ ■ □ ■ □ ■ □ ■ ■ □ ■ □ ■ □ ■ ■ □ □ ■ □ ■ □ □ ■ □ ■ ■ □ ■ □ ■ □ □ ■ □ ■ □ ■ □ ■ □ ■ □ ■ □ ■ ■ □ □ ■ ■ □ ■ □ ■ ■ □ ■ □ ■ ■ □ ■ □ □ ■ □ ■ □ ■ □ □ ■ □
 □ □ ■ ■ □ ■ □ □ ■ □ ■ □ ■ □ ■ ■ □ □ ■ □ ■ ■ □ □ ■ ■ □ ■ ■ □ ■ ■ □ □ ■ □ ■ □ □ ■ □ ■ ■ □ ■ □ ■ □ ■ □ ■ □ □ ■ □ ■ □ ■ □ ■ □ □ ■ □ □ ■ □ ■ ■ □ ■ □ □ ■ □ ■ □ ■ □ □ ■ ■ □ ■ □ □ ■ □ ■ ■ □ ■ □ ■ ■ □ □ ■ □ ■ □ □ ■ ■ □ ■ □ ■ □ ■ ■ □ ■ □ ■ □ ■ ■ □ ■
 □ ■ ■ □ ■ □ ■ ■ □ □ ■ ■ □ ■ □ □ ■ □ ■ ■ □ □ ■ ■ □ □ ■ □ ■ ■ □ □ ■ ■ □ ■ □ ■ ■ □ ■ ■ □ ■ □ ■ □ ■ □ ■ □ ■ ■ □ ■ □ □ ■ □ □ ■ □ □ ■ ■ □ □ ■ ■ □ □ ■ ■ □ ■ ■ □ □ ■ ■ □ □ ■ □ ■ □ □ ■ □ □ ■ □ ■ □ □ ■ □ ■ ■ □ ■ □ ■ □ ■ □ ■ □ ■ ■ □ ■ □ □ ■ □ ■ ■ □ □
 ■ □ □ ■ □ ■ □ □ ■ ■ □ □ ■ ■ □ ■ □ ■ □ □ ■ ■ □ □ ■ ■ □ ■ □ ■ □ ■ □ ■ □ ■ □ ■ □ ■ □ □ ■ □ ■ □ ■ □ ■ □ □ ■ □ ■ □ ■ ■ □ ■ □ □ ■ □ ■ □ ■ ■ □ □ ■ □ ■ □ ■ ■ □ ■ ■ □ ■ □ ■ ■ □ □ ■ ■ □ □ ■ ■ □ □ ■ ■ □ ■ □ ■ □ □ ■ □ □ ■ ■ □ ■ ■ □ ■ □ □ ■ □ ■ □ □ ■ ■
 □ ■ □ ■ □ □ ■ □ □ ■ □ ■ □ □ ■ □ ■ □ □ ■ ■ □ □ ■ □ ■ ■ □ ■ □ ■ ■ □ □ ■ □ ■ □ ■ ■ □ ■ □ ■ □ ■ □ ■ □ ■ ■ □ ■ □ ■ □ □ ■ □ ■ □ ■ ■ □ ■ □ ■ □ □ ■ ■ □ ■ ■ □ ■ □ ■ □ □ ■ ■ □ ■ ■ □ □ ■ ■ □ □ ■ □ ■ ■ □ ■ □ □ ■ ■ □ □ ■ □ □ ■ ■ □ ■ □ ■ ■ □ ■ □ ■ ■ □ □
 □ ■ ■ □ ■ ■ □ ■ ■ □ ■ □ ■ □ □ ■ □ ■ ■ □ □ ■ ■ □ ■ □ ■ □ □ ■ □ □ ■ ■ □ □ ■ ■ □ □ ■ □ □ ■ ■ □ □ ■ ■ □ ■ □ ■ □ ■ ■ □ ■ □ ■ ■ □ ■ □ ■ □ □ ■ ■ □ □ ■ ■ □ ■ □ ■ □ ■ □ ■ □ □ ■ □ □ ■ □ □ ■ ■ □ ■ □ □ ■ □ ■ ■ □ □ ■ ■ □ ■ □ ■ □ ■ □ ■ □ □ ■ □ ■ □ ■ □ ■
 ■ □ ■ □ ■ □ ■ □ □ ■ □ ■ □ ■ ■ □ ■ □ □ ■ ■ □ ■ ■ □ ■ □ ■ ■ □ ■ ■ □ □ ■ ■ □ □ ■ ■ □ □ ■ □ □ ■ ■ □ □ ■ □ ■ □ ■ □ □ ■ □ ■ □ □ ■ □ ■ □ ■ □ ■ □ □ ■ ■ □ ■ ■ □ □ ■ □ ■ □ □ ■ □ ■ ■ □ ■ □ □ ■ ■ □ ■ □ ■ □ ■ □ ■ ■ □ ■ ■ □ ■ □ ■ □ ■ □ □ ■ □ ■ ■ □ □ ■ □
 ■ □ □ ■ □ □ ■ □ ■ □ ■ □ □ ■ □ □ ■ ■ □ □ ■ ■ □ □ ■ □ ■ □ □ ■ ■ □ ■ ■ □ □ ■ ■ □ □ ■ ■ □ ■ □ ■ □ ■ ■ □ ■ □ ■ □ ■ □ ■ □ ■ □ ■ □ ■ ■ □ ■ ■ □ ■ ■ □ □ ■ □ □ ■ ■ □ □ ■ □ ■ ■ □ ■ □ □ ■ ■ □ □ ■ ■ □ ■ □ ■ □ □ ■ □ ■ □ □ ■ ■ □ □ ■ □ ■ ■ □ ■ ■ □ ■ ■ □ □
 □ ■ ■ □ ■ ■ □ ■ ■ □ □ ■ ■ □ ■ ■ □ □ ■ ■ □ □ ■ ■ □ ■ □ ■ ■ □ □ ■ □ □ ■ □ □ ■ ■ □ □ ■ ■ □ ■ □ ■ □ ■ □ □ ■ □ ■ □ ■ □ ■ □ ■ □ ■ ■ □ ■ □ □ ■ □ □ ■ ■ □ □ ■ □ ■ □ ■ □ ■ □ □ ■ □ ■ ■ □ □ ■ ■ □ □ ■ ■ □ □ ■ ■ □ ■ ■ □ ■ □ □ ■ ■ □ ■ □ □ ■ □ □ ■ □ □ ■ ■
 ■ ■ □ □ ■ □ ■ ■ □ ■ ■ □ ■ ■ □ ■ □ □ ■ □ □ ■ □ □ ■ □ ■ □ ■ □ □ ■ □ ■ □ ■ ■ □ □ ■ ■ □ □ ■ ■ □ □ ■ □ ■ ■ □ ■ □ □ ■ ■ □ ■ □ ■ □ □ ■ □ ■ ■ □ □ ■ □ ■ □ ■ ■ □ □ ■ ■ □ ■ ■ □ □ ■ □ ■ □ □ ■ □ □ ■ □ □ ■ ■ □ ■ □ ■ □ ■ □ ■ □ ■ □ ■ □ ■ □ ■ ■ □ □ ■ ■ □ ■
 ■ □ ■ ■ □ ■ □ □ ■ □ □ ■ □ □ ■ □ ■ ■ □ □ ■ □ □ ■ □ □ ■ □ □ ■ ■ □ ■ □ ■ □ ■ ■ □ ■ □ ■ ■ □ □ ■ ■ □ ■ □ ■ ■ □ ■ ■ □ ■ □ □ ■ □ □ ■ □ ■ □ □ ■ ■ □ ■ □ ■ □ □ ■ □ ■ □ ■ □ ■ ■ □ ■ ■ □ ■ ■ □ ■ ■ □ □ ■ □ ■ ■ □ ■ □ □ ■ □ □ ■ □ ■ □ □ ■ ■ □ ■ ■ □ ■ □ ■ □
 □ ■ □ ■ □ ■ □ ■ □ ■ ■ □ ■ ■ □ ■ ■ □ □ ■ □ ■ ■ □ □ ■ □ ■ ■ □ □ ■ ■ □ □ ■ □ □ ■ □ ■ □ ■ □ □ ■ □ □ ■ ■ □ □ ■ □ □ ■ □ ■ □ □ ■ ■ □ ■ □ ■ □ □ ■ □ ■ □ ■ □ ■ □ ■ □ □ ■ □ □ ■ ■ □ ■ □ ■ □ ■ □ □ ■ ■ □ ■ □ ■ ■ □ □ ■ □ ■ ■ □ ■ □ ■ ■ □ ■ ■ □ ■ ■ □ ■ □ ■
 ■ □ ■ □ ■ □ ■ □ ■ □ □ ■ ■ □ ■ ■ □ □ ■ ■ □ ■ □ ■ ■ □ ■ ■ □ □ ■ ■ □ ■ □ ■ ■ □ □ ■ ■ □ □ ■ ■ □ □ ■ □ □ ■ ■ □ □ ■ ■ □ ■ ■ □ ■ □ □ ■ □ ■ ■ □ □ ■ □ ■ □ ■ □ ■ □ □ ■ □ ■ ■ □ □ ■ □ ■ □ ■ □ ■ □ □ ■ □ ■ ■ □ □ ■ ■ □ ■ □ ■ ■ □ □ ■ □ ■ □ □ ■ □ □ ■ □ ■ □
 □ ■ ■ □ □ ■ ■ □ □ ■ ■ □ □ ■ ■ □ □ ■ ■ □ ■ □ ■ □ ■ ■ □ □ ■ ■ □ □ ■ □ ■ □ □ ■ ■ □ □ ■ ■ □ □ ■ ■ □ ■ □ □ ■ □ ■ □ □ ■ □ □ ■ □ □ ■ □ ■ □ □ ■ □ □ ■ □ □ ■ ■ □ ■ ■ □ ■ □ □ ■ ■ □ ■ ■ □ ■ ■ □ ■ ■ □ ■ □ ■ ■ □ □ ■ □ ■ ■ □ □ ■ ■ □ ■ □ □ ■ □ ■ □ ■ □ ■ ■
 ■ ■ □ ■ ■ □ □ ■ □ ■ □ □ ■ ■ □ □ ■ ■ □ ■ □ ■ □ ■ □ ■ □ □ ■ ■ □ ■ □ ■ □ ■ □ ■ ■ □ ■ ■ □ ■ ■ □ □ ■ □ ■ □ □ ■ □ □ ■ □ ■ ■ □ □ ■ ■ □ □ ■ □ □ ■ □ □ ■ ■ □ ■ ■ □ ■ □ □ ■ ■ □ ■ □ ■ □ ■ □ ■ □ ■ □ □ ■ ■ □ □ ■ ■ □ ■ □ □ ■ ■ □ □ ■ ■ □ ■ □ ■ □ ■ □ ■ □ □
 □ □ ■ ■ □ ■ □ ■ ■ □ □ ■ □ □ ■ ■ □ □ ■ □ ■ □ □ ■ ■ □ ■ ■ □ □ ■ □ ■ □ ■ □ ■ □ □ ■ ■ □ □ ■ □ ■ □ □ ■ □ ■ □ □ ■ ■ □ ■ ■ □ ■ ■ □ □ ■ ■ □ ■ ■ □ ■ ■ □ □ ■ □ ■ ■ □ ■ ■ □ □ ■ □ ■ □ □ ■ □ □ ■ □ ■ ■ □ ■ □ ■ ■ □ □ ■ □ □ ■ □ □ ■ ■ □ ■ ■ □ □ ■ ■ □ □ ■ ■
 ■ □ ■ □ ■ □ ■ □ ■ □ ■ ■ □ ■ ■ □ □ ■ □ ■ ■ □ ■ □ □ ■ □ ■ □ □ ■ ■ □ ■ □ ■ □ ■ □ ■ □ □ ■ □ □ ■ ■ □ ■ ■ □ ■ ■ □ □ ■ □ □ ■ ■ □ ■ ■ □ □ ■ □ ■ ■ □ ■ □ ■ □ ■ □ ■ □ ■ □ ■ ■ □ ■ □ □ ■ □ ■ □ □ ■ □ □ ■ □ ■ □ □ ■ ■ □ ■ ■ □ □ ■ □ □ ■ ■ □ ■ ■ □ □ ■ ■ □ □
 □ ■ □ □ ■ ■ □ ■ □ ■ □ □ ■ □ □ ■ ■ □ ■ □ □ ■ □ ■ ■ □ ■ □ ■ ■ □ □ ■ ■ □ □ ■ □ ■ □ ■ ■ □ ■ ■ □ ■ ■ □ □ ■ □ □ ■ ■ □ ■ □ ■ □ □ ■ ■ □ ■ ■ □ □ ■ □ □ ■ ■ □ ■ □ □ ■ □ □ ■ □ □ ■ □ ■ □ □ ■ ■ □ ■ □ ■ □ ■ □ ■ ■ □ ■ □ ■ □ □ ■ ■ □ ■ □ □ ■ ■ □ □ ■ ■ □ ■ ■
 ■ □ □ ■ □ □ ■ ■ □ ■ ■ □ ■ ■ □ □ ■ ■ □ ■ □ □ ■ ■ □ ■ □ ■ □ □ ■ □ ■ □ ■ □ ■ □ □ ■ □ □ ■ □ □ ■ □ ■ □ ■ □ ■ □ ■ ■ □ ■ ■ □ □ ■ □ □ ■ □ □ ■ ■ □ ■ ■ □ □ ■ □ ■ □ ■ □ ■ □ ■ ■ □ ■ □ ■ ■ □ ■ ■ □ ■ □ ■ □ ■ ■ □ ■ □ ■ □ ■ ■ □ □ ■ ■ □ □ ■ □ □ ■ □ □ ■ □ ■
 □ ■ ■ □ ■ ■ □ □ ■ □ □ ■ □ □ ■ ■ □ ■ ■ □ ■ ■ □ □ ■ □ ■ ■ □ □ ■ ■ □ □ ■ ■ □ ■ ■ □ □ ■ □ ■ ■ □ ■ □ ■ □ ■ □ ■ □ □ ■ □ □ ■ ■ □ ■ □ □ ■ □ ■ □ □ ■ □ □ ■ □ □ ■ ■ □ ■ ■ □ ■ □ ■ □ ■ □ □ ■ □ ■ □ ■ ■ □ ■ □ □ ■ ■ □ ■ ■ □ □ ■ □ ■ □ ■ ■ □ □ ■ □ ■ ■ □ ■ □
 ■ □ ■ □ □ ■ ■ □ □ ■ □ ■ ■ □ ■ ■ □ □ ■ □ ■ ■ □ □ ■ □ ■ □ ■ ■ □ ■ □ ■ □ □ ■ ■ □ ■ ■ □ ■ □ ■ ■ □ □ ■ ■ □ □ ■ ■ □ □ ■ ■ □ □ ■ □ ■ □ □ ■ □ ■ ■ □ ■ ■ □ □ ■ □ □ ■ □ □ ■ □ ■ □ ■ □ ■ □ □ ■ □ ■ □ ■ ■ □ ■ □ ■ □ ■ □ ■ □ ■ □ ■ □ □ ■ □ □ ■ ■ □ ■ □ ■ □ ■
 ■ ■ □ ■ ■ □ □ ■ ■ □ ■ □ □ ■ □ □ ■ ■ □ ■ □ □ ■ ■ □ ■ □ ■ □ ■ ■ □ ■ □ □ ■ □ □ ■ ■ □ ■ □ ■ □ ■ □ ■ □ ■ □ ■ □ □ ■ □ ■ □ ■ □ ■ □ □ ■ ■ □ ■ □ ■ ■ □ □ ■ ■ □ ■ ■ □ □ ■ □ ■ □ ■ ■ □ □ ■ ■ □ ■ □ ■ □ □ ■ □ ■ □ ■ □ ■ □ ■ □ ■ □ □ ■ □ ■ ■ □ □ ■ □ ■ □ ■ □
 □ □ ■ □ □ ■ □ ■ ■ □ □ ■ ■ □ □ ■ ■ □ ■ □ □ ■ □ □ ■ □ ■ ■ □ □ ■ □ □ ■ ■ □ ■ ■ □ □ ■ ■ □ □ ■ □ ■ □ ■ □ ■ ■ □ □ ■ ■ □ □ ■ ■ □ ■ ■ □ ■ ■ □ ■ □ □ ■ □ □ ■ □ ■ □ □ ■ ■ □ □ ■ □ □ ■ ■ □ ■ □ ■ □ ■ □ ■ □ ■ □ ■ □ ■ □ ■ □ ■ □ ■ ■ □ ■ ■ □ ■ ■ □ ■ ■ □ ■ □
 ■ □ □ ■ □ □ ■ □ □ ■ ■ □ □ ■ ■ □ □ ■ □ ■ ■ □ ■ □ □ ■ □ □ ■ ■ □ ■ □ ■ □ ■ ■ □ ■ □ ■ □ ■ ■ □ ■ ■ □ □ ■ ■ □ ■ ■ □ □ ■ ■ □ □ ■ □ □ ■ □ ■ □ ■ □ ■ □ ■ ■ □ ■ □ □ ■ □ □ ■ ■ □ ■ ■ □ ■ ■ □ ■ □ ■ □ ■ ■ □ ■ ■ □ ■ □ ■ □ ■ □ □ ■ □ ■ □ □ ■ □ □ ■ □ □ ■ □ ■
 ■ ■ □ □ ■ □ ■ □ ■ ■ □ ■ □ □ ■ ■ □ ■ □ □ ■ ■ □ ■ ■ □ ■ □ ■ □ □ ■ ■ □ ■ □ □ ■ □ ■ □ ■ □ □ ■ ■ □ ■ ■ □ □ ■ □ □ ■ □ □ ■ □ ■ □ ■ ■ □ ■ □ ■ □ ■ □ ■ □ ■ ■ □ ■ ■ □ □ ■ □ ■ ■ □ □ ■ □ ■ ■ □ ■ □ ■ ■ □ ■ □ □ ■ ■ □ □ ■ □ ■ ■ □ □ ■ □ □ ■ □ □ ■ ■ □ ■ □ □
 □ □ ■ ■ □ ■ □ ■ ■ □ ■ □ ■ ■ □ □ ■ □ ■ ■ □ □ ■ □ ■ ■ □ ■ □ □ ■ □ □ ■ □ ■ ■ □ ■ ■ □ □ ■ □ ■ □ □ ■ □ ■ □ ■ ■ □ □ ■ ■ □ ■ □ ■ □ ■ ■ □ ■ □ ■ □ ■ □ ■ □ ■ □ ■ □ □ ■ □ ■ □ □ ■ ■ □ ■ □ □ ■ □ ■ ■ □ □ ■ ■ □ ■ □ ■ ■ □ □ ■ □ □ ■ □ ■ ■ □ ■ ■ □ □ ■ □ ■ □
 ■ ■ □ □ ■ □ ■ ■ □ ■ □ □ ■ □ ■ □ □ ■ ■ □ □ ■ □ ■ □ □ ■ □ ■ ■ □ □ ■ ■ □ ■ □ ■ □ □ ■ ■ □ ■ □ ■ ■ □ ■ □ ■ □ ■ ■ □ ■ □ ■ □ ■ □ ■ □ ■ □ □ ■ ■ □ ■ □ ■ ■ □ ■ □ ■ ■ □ ■ □ □ ■ ■ □ ■ □ ■ □ □ ■ ■ □ □ ■ □ □ ■ □ □ ■ □ ■ ■ □ □ ■ ■ □ ■ □ □ ■ □ □ ■ □ □ ■ ■
 ■ ■ □ □ ■ ■ □ □ ■ □ ■ ■ □ ■ □ ■ ■ □ □ ■ ■ □ ■ □ ■ ■ □ □ ■ □ ■ ■ □ □ ■ □ ■ ■ □ ■ □ □ ■ □ □ ■ ■ □ ■ □ □ ■ □ ■ ■ □ □ ■ ■ □ ■ ■ □ □ ■ ■ □ □ ■ □ ■ □ □ ■ □ ■ □ ■ ■ □ □ ■ ■ □ ■ ■ □ □ ■ □ ■ □ □ ■ □ □ ■ □ □ ■ □ ■ □ □ ■ ■ □ □ ■ □ ■ ■ □ □ ■ ■ □ ■ □ ■
 □ □ ■ ■ □ □ ■ □ ■ ■ □ ■ ■ □ ■ ■ □ □ ■ □ ■ □ ■ ■ □ ■ □ ■ □ □ ■ □ □ ■ □ ■ □ □ ■ ■ □ ■ □ ■ ■ □ □ ■ □ ■ ■ □ ■ □ ■ □ ■ □ ■ ■ □ □ ■ □ ■ □ ■ ■ □ ■ □ ■ □ ■ □ □ ■ □ ■ □ ■ ■ □ ■ □ □ ■ ■ □ ■ □ □ ■ □ □ ■ ■ □ ■ ■ □ □ ■ □ □ ■ □ ■ ■ □ □ ■ □ ■ ■ □ ■ □ ■ □
 ■ ■ □ ■ ■ □ ■ ■ □ ■ □ □ ■ ■ □ □ ■ ■ □ ■ □ ■ □ □ ■ □ ■ □ □ ■ □ ■ ■ □ ■ □ □ ■ □ □ ■ □ ■ □ ■ ■ □ □ ■ □ □ ■ ■ □ □ ■ □ ■ □ □ ■ ■ □ ■ □ ■ □ ■ ■ □ ■ □ ■ □ ■ ■ □ ■ □ ■ ■ □ □ ■ □ ■ □ □ ■ □ ■ ■ □ ■ ■ □ □ ■ □ □ ■ □ □ ■ ■ □ ■ ■ □ ■ □ □ ■ ■ □ □ ■ □ □ ■
 ■ □ ■ □ □ ■ □ ■ □ □ ■ □ □ ■ □ ■ □ ■ ■ □ ■ □ ■ ■ □ ■ □ ■ ■ □ ■ □ □ ■ □ ■ ■ □ ■ □ ■ ■ □ ■ □ □ ■ ■ □ ■ ■ □ □ ■ ■ □ ■ □ ■ □ □ ■ ■ □ ■ □ ■ □ □ ■ □ ■ □ ■ □ □ ■ □ ■ □ □ ■ ■ □ ■ ■ □ ■ ■ □ □ ■ □ ■ □ ■ □ □ ■ ■ □ ■ □ ■ □ □ ■ □ ■ □ ■ □ ■ □ □ ■ □ ■ ■ □
 □ ■ □ ■ □ □ ■ □ ■ ■ □ ■ □ □ ■ □ ■ □ □ ■ ■ □ □ ■ □ ■ □ ■ □ □ ■ ■ □ ■ □ ■ □ ■ □ ■ □ ■ □ ■ ■ □ ■ □ □ ■ □ ■ ■ □ ■ □ ■ ■ □ ■ ■ □ ■ □ □ ■ ■ □ □ ■ ■ □ ■ ■ □ ■ □ ■ □ ■ ■ □ ■ ■ □ □ ■ □ □ ■ ■ □ ■ □ ■ □ ■ □ □ ■ □ □ ■ □ □ ■ □ ■ □ ■ □ ■ □ ■ ■ □ ■ □ □ ■
 □ □ ■ □ ■ ■ □ ■ □ ■ □ ■ ■ □ □ ■ □ ■ □ ■ □ ■ ■ □ ■ □ ■ □ ■ ■ □ □ ■ □ ■ □ ■ □ ■ ■ □ □ ■ □ □ ■ □ ■ ■ □ ■ □ ■ ■ □ ■ □ □ ■ □ ■ ■ □ ■ □ ■ □ ■ ■ □ ■ ■ □ □ ■ □ ■ □ ■ ■ □ ■ □ □ ■ ■ □ ■ ■ □ □ ■ □ □ ■ ■ □ ■ □ □ ■ ■ □ □ ■ □ □ ■ ■ □ ■ □ ■ □ □ ■ □ ■ □ □
 ■ □ ■ ■ □ □ ■ □ ■ □ ■ □ □ ■ ■ □ □ ■ ■ □ ■ □ □ ■ □ ■ □ ■ □ ■ ■ □ ■ □ ■ ■ □ ■ □ □ ■ □ □ ■ ■ □ □ ■ ■ □ ■ □ □ ■ ■ □ □ ■ ■ □ □ ■ □ □ ■ □ □ ■ □ ■ □ ■ ■ □ □ ■ □ ■ □ □ ■ ■ □ ■ □ □ ■ ■ □ □ ■ □ ■ ■ □ ■ □ □ ■ ■ □ ■ □ ■ □ ■ ■ □ □ ■ □ ■ □ ■ ■ □ ■ □ ■ ■
 □ ■ □ □ ■ ■ □ ■ □ ■ □ □ ■ ■ □ ■ ■ □ □ ■ ■ □ ■ □ ■ □ □ ■ ■ □ □ ■ □ ■ □ □ ■ □ ■ ■ □ ■ ■ □ □ ■ ■ □ □ ■ □ ■ ■ □ ■ □ ■ □ □ ■ ■ □ ■ ■ □ ■ ■ □ □ ■ ■ □ □ ■ ■ □ ■ ■ □ □ ■ □ ■ □ ■ □ ■ □ □ ■ ■ □ □ ■ ■ □ ■ ■ □ □ ■ □ ■ □ ■ □ ■ ■ □ □ ■ □ ■ □ ■ □ □ ■ □ □
 ■ ■ □ □ ■ □ □ ■ □ □ ■ ■ □ □ ■ ■ □ ■ ■ □ □ ■ □ □ ■ □ ■ □ ■ □ ■ □ ■ □ ■ ■ □ ■ □ ■ □ □ ■ □ ■ □ ■ ■ □ ■ ■ □ ■ □ □ ■ □ ■ □ ■ ■ □ □ ■ □ ■ □ ■ ■ □ ■ □ ■ □ ■ □ ■ □ ■ ■ □ ■ □ ■ □ ■ □ □ ■ □ □ ■ ■ □ □ ■ □ □ ■ ■ □ □ ■ □ □ ■ □ □ ■ ■ □ ■ □ ■ □ ■ ■ □ ■ ■
 □ □ ■ ■ □ ■ ■ □ ■ □ ■ □ □ ■ □ □ ■ □ ■ ■ □ □ ■ ■ □ ■ ■ □ □ ■ □ ■ □ ■ ■ □ ■ □ ■ □ ■ ■ □ ■ □ ■ □ □ ■ □ □ ■ □ ■ □ □ ■ □ ■ □ □ ■ ■ □ ■ □ ■ □ ■ □ □ ■ ■ □ □ ■ □ ■ □ ■ ■ □ □ ■ □ ■ □ ■ □ ■ □ □ ■ ■ □ ■ □ ■ ■ □ □ ■ □ ■ ■ □ ■ ■ □ □ ■ ■ □ ■ □ ■ □ ■ ■ □
 ■ □ ■ □ ■ □ ■ ■ □ ■ □ ■ ■ □ ■ □ □ ■ □ □ ■ ■ □ □ ■ □ □ ■ ■ □ □ ■ □ ■ □ □ ■ ■ □ ■ □ □ ■ □ ■ □ ■ ■ □ □ ■ □ □ ■ ■ □ ■ ■ □ ■ ■ □ □ ■ □ □ ■ ■ □ ■ ■ □ □ ■ □ ■ □ ■ ■ □ □ ■ ■ □ ■ □ ■ ■ □ □ ■ ■ □ □ ■ □ ■ ■ □ □ ■ ■ □ ■ □ ■ □ ■ □ ■ □ □ ■ □ ■ □ ■ □ □ ■
 □ ■ □ ■ □ ■ □ ■ ■ □ ■ □ ■ □ □ ■ ■ □ ■ ■ □ □ ■ ■ □ ■ □ ■ ■ □ ■ □ ■ □ ■ ■ □ □ ■ □ ■ ■ □ ■ ■ □ ■ □ □ ■ ■ □ ■ □ □ ■ □ □ ■ ■ □ ■ ■ □ ■ ■ □ □ ■ □ ■ ■ □ □ ■ □ ■ □ □ ■ □ ■ □ ■ □ □ ■ □ ■ ■ □ □ ■ ■ □ □ ■ □ □ ■ □ □ ■ □ ■ □ ■ □ ■ □ ■ ■ □ ■ □ ■ □ □ ■ □
 ■ □ ■ □ ■ □ ■ □ ■ ■ □ ■ □ ■ □ ■ □ ■ □ □ ■ ■ □ □ ■ □ ■ □ □ ■ □ ■ ■ □ ■ □ □ ■ ■ □ □ ■ ■ □ □ ■ □ ■ ■ □ □ ■ □ ■ □ ■ □ ■ ■ □ ■ ■ □ ■ □ □ ■ □ ■ ■ □ ■ ■ □ ■ □ □ ■ ■ □ ■ □ ■ □ ■ ■ □ ■ □ □ ■ ■ □ ■ □ ■ □ □ ■ ■ □ □ ■ □ ■ ■ □ □ ■ □ □ ■ □ □ ■ □ □ ■ □ ■
 ■ ■ □ ■ □ ■ ■ □ □ ■ □ ■ □ □ ■ □ ■ □ ■ ■ □ ■ ■ □ □ ■ □ ■ □ □ ■ □ □ ■ □ ■ ■ □ □ ■ ■ □ □ ■ □ ■ □ □ ■ ■ □ □ ■ □ ■ □ ■ ■ □ ■ ■ □ ■ □ ■ □ ■ ■ □ □ ■ □ ■ ■ □ ■ ■ □ □ ■ □ □ ■ □ ■ □ ■ □ □ ■ □ □ ■ □ ■ ■ □ ■ ■ □ ■ ■ □ ■ □ ■ □ ■ □ ■ □ □ ■ □ □ ■ ■ □ □ ■
 □ □ ■ ■ □ ■ □ ■ □ □ ■ □ ■ □ ■ ■ □ □ ■ □ ■ □ ■ ■ □ ■ □ □ ■ ■ □ □ ■ ■ □ □ ■ □ ■ □ □ ■ □ ■ ■ □ ■ ■ □ □ ■ ■ □ ■ □ ■ □ □ ■ ■ □ ■ ■ □ □ ■ □ ■ □ ■ □ ■ □ □ ■ □ □ ■ □ □ ■ ■ □ ■ □ ■ ■ □ ■ ■ □ ■ □ □ ■ □ ■ ■ □ □ ■ □ □ ■ ■ □ ■ ■ □ ■ ■ □ □ ■ □ ■ ■ □ ■ □
 ■ □ ■ □ ■ □ ■ □ ■ ■ □ □ ■ ■ □ ■ □ ■ □ ■ □ ■ □ ■ ■ □ ■ □ ■ □ ■ ■ □ □ ■ □ □ ■ ■ □ ■ □ ■ □ □ ■ □ ■ □ ■ □ ■ □ ■ ■ □ ■ ■ □ □ ■ □ □ ■ □ ■ ■ □ ■ □ ■ □ □ ■ □ ■ □ ■ ■ □ □ ■ □ □ ■ □ □ ■ ■ □ ■ ■ □ ■ □ □ ■ □ □ ■ □ ■ ■ □ □ ■ ■ □ ■ □ □ ■ ■ □ ■ □ □ ■ □ ■
 □ ■ □ □ ■ ■ □ ■ □ □ ■ ■ □ ■ □ □ ■ □ ■ □ □ ■ ■ □ □ ■ □ ■ □ □ ■ □ □ ■ □ ■ ■ □ □ ■ □ □ ■ ■ □ □ ■ □ ■ □ ■ □ ■ □ □ ■ ■ □ ■ ■ □ ■ □ □ ■ □ □ ■ ■ □ ■ □ ■ ■ □ ■ ■ □ □ ■ ■ □ ■ ■ □ ■ □ ■ □ ■ ■ □ ■ ■ □ ■ □ □ ■ □ ■ □ ■ □ □ ■ □ ■ ■ □ ■ ■ □ □ ■ ■ □ ■ ■ □
 ■ □ ■ ■ □ □ ■ □ ■ ■ □ ■ ■ □ ■ ■ □ ■ ■ □ ■ □ ■ □ ■ □ □ ■ □ ■ □ ■ ■ □ □ ■ □ ■ ■ □ □ ■ □ □ ■ ■ □ ■ □ ■ □ ■ □ □ ■ □ □ ■ □ ■ □ □ ■ □ ■ □ ■ □ □ ■ □ ■ ■ □ ■ □ ■ □ □ ■ □ □ ■ ■ □ □ ■ □ ■ ■ □ ■ □ □ ■ ■ □ ■ ■ □ □ ■ □ ■ ■ □ ■ □ □ ■ □ □ ■ ■ □ □ ■ □ ■ ■
 ■ □ □ ■ ■ □ ■ ■ □ ■ ■ □ □ ■ □ □ ■ ■ □ ■ ■ □ □ ■ □ □ ■ □ ■ □ ■ □ ■ □ ■ □ ■ ■ □ □ ■ □ ■ ■ □ □ ■ □ □ ■ ■ □ ■ ■ □ □ ■ ■ □ □ ■ ■ □ ■ □ ■ □ □ ■ □ ■ □ □ ■ ■ □ □ ■ ■ □ ■ ■ □ □ ■ □ ■ □ ■ □ □ ■ ■ □ ■ □ ■ □ □ ■ ■ □ □ ■ ■ □ ■ ■ □ ■ □ ■ □ ■ □ ■ □ ■ □ □
 □ ■ □ □ ■ ■ □ □ ■ □ ■ □ ■ □ ■ □ ■ □ ■ ■ □ ■ ■ □ □ ■ ■ □ ■ □ □ ■ □ ■ □ ■ □ □ ■ ■ □ ■ □ ■ ■ □ ■ □ ■ □ □ ■ □ □ ■ ■ □ □ ■ □ □ ■ □ □ ■ □ □ ■ □ ■ ■ □ ■ ■ □ ■ ■ □ □ ■ ■ □ ■ □ ■ ■ □ ■ □ ■ ■ □ ■ ■ □ ■ □ ■ □ ■ ■ □ ■ □ □ ■ □ □ ■ □ ■ □ ■ □ ■ □ ■ □ ■ □
 ■ □ ■ ■ □ □ ■ ■ □ ■ □ ■ □ ■ □ ■ □ ■ ■ □ □ ■ □ □ ■ ■ □ ■ □ ■ ■ □ ■ □ □ ■ □ □ ■ □ □ ■ □ □ ■ ■ □ ■ ■ □ □ ■ ■ □ □ ■ □ □ ■ ■ □ □ ■ □ □ ■ ■ □ □ ■ □ ■ ■ □ □ ■ □ ■ ■ □ □ ■ □ ■ □ □ ■ ■ □ □ ■ ■ □ ■ □ ■ ■ □ ■ □ □ ■ ■ □ □ ■ ■ □ ■ ■ □ ■ ■ □ □ ■ □ □ ■ ■
 □ ■ □ □ ■ ■ □ □ ■ ■ □ □ ■ □ ■ □ ■ □ □ ■ ■ □ ■ ■ □ □ ■ □ ■ □ ■ □ □ ■ ■ □ ■ ■ □ ■ ■ □ ■ ■ □ □ ■ □ □ ■ ■ □ □ ■ ■ □ ■ ■ □ □ ■ □ ■ ■ □ ■ □ □ ■ □ □ ■ □ ■ ■ □ □ ■ ■ □ □ ■ ■ □ □ ■ ■ □ ■ ■ □ □ ■ □ ■ □ ■ ■ □ ■ □ ■ □ ■ ■ □ □ ■ □ □ ■ □ □ ■ □ □ ■ ■ □ ■
 ■ □ ■ □ ■ □ ■ ■ □ □ ■ □ □ ■ □ ■ □ □ ■ □ ■ ■ □ □ ■ ■ □ ■ ■ □ □ ■ □ ■ ■ □ ■ □ ■ □ □ ■ ■ □ □ ■ □ ■ □ ■ ■ □ ■ ■ □ ■ □ □ ■ ■ □ ■ □ ■ ■ □ □ ■ ■ □ ■ □ □ ■ ■ □ ■ □ □ ■ ■ □ ■ □ ■ □ □ ■ □ □ ■ ■ □ □ ■ ■ □ □ ■ □ ■ □ ■ □ ■ ■ □ □ ■ ■ □ ■ □ □ ■ ■ □ ■ □ □
 □ ■ □ ■ □ ■ □ ■ □ ■ □ ■ ■ □ ■ ■ □ ■ □ ■ □ □ ■ ■ □ ■ ■ □ □ ■ □ □ ■ □ □ ■ □ ■ □ □ ■ □ □ ■ ■ □ ■ □ ■ □ □ ■ □ □ ■ ■ □ □ ■ □ ■ □ ■ □ □ ■ ■ □ □ ■ □ ■ ■ □ □ ■ □ □ ■ ■ □ ■ □ ■ □ ■ ■ □ ■ ■ □ □ ■ ■ □ ■ □ ■ ■ □ ■ ■ □ ■ □ □ ■ ■ □ ■ ■ □ ■ ■ □ ■ □ □ ■ □
 □ ■ □ □ ■ ■ □ □ ■ □ ■ ■ □ □ ■ □ ■ ■ □ ■ □ ■ □ ■ □ □ ■ ■ □ □ ■ ■ □ ■ □ □ ■ ■ □ ■ □ ■ □ □ ■ □ ■ □ ■ □ □ ■ □ ■ ■ □ ■ ■ □ ■ ■ □ ■ ■ □ ■ ■ □ □ ■ □ ■ □ ■ □ □ ■ ■ □ □ ■ □ □ ■ ■ □ ■ □ ■ □ □ ■ ■ □ ■ □ ■ □ □ ■ □ □ ■ ■ □ ■ □ □ ■ □ ■ □ ■ □ ■ □ ■ □ ■ ■