taille instance = 110 x 110
pourcentage de cases initialement remplies = 70.0 %
solveTime = 0.3615832 s
isOptimal = true

 0, 0, 1, 0, 1, 1, 0, 1, 0, 0, 1, 0, 0, 1, 1, 0, 0, 1, 1, 0, 0, 1, 0, 1, 0, 1, 1, 0, 0, 1, 1, 0, 1, 0, 1, 1, 0, 0, 1, 1, 0, 0, 1, 0, 1, 1, 0, 1, 0, 0, 1, 0, 1, 0, 1, 1, 0, 0, 1, 0, 1, 0, 1, 0, 0, 1, 0, 1, 1, 0, 0, 1, 0, 1, 1, 0, 0, 1, 0, 1, 1, 0, 1, 0, 1, 1, 0, 1, 0, 0, 1, 1, 0, 0, 1, 0, 1, 0, 0, 1, 0, 1, 1, 0, 0, 1, 1, 0, 1, 1
 0, 0, 1, 1, 0, 1, 0, 0, 1, 0, 1, 0, 1, 0, 0, 1, 1, 0, 1, 0, 1, 1, 0, 1, 1, 0, 0, 1, 1, 0, 0, 1, 0, 1, 1, 0, 0, 1, 0, 0, 1, 0, 0, 1, 1, 0, 1, 0, 1, 0, 0, 1, 1, 0, 0, 1, 0, 1, 1, 0, 1, 1, 0, 1, 1, 0, 0, 1, 0, 1, 1, 0, 1, 1, 0, 0, 1, 0, 1, 0, 0, 1, 0, 1, 1, 0, 1, 0, 1, 0, 1, 0, 1, 1, 0, 1, 1, 0, 1, 0, 1, 0, 0, 1, 0, 0, 1, 0, 0, 1
 1, 1, 0, 1, 0, 0, 1, 1, 0, 1, 0, 1, 0, 1, 1, 0, 0, 1, 0, 1, 0, 0, 1, 0, 0, 1, 1, 0, 1, 0, 0, 1, 1, 0, 0, 1, 1, 0, 0, 1, 0, 1, 0, 1, 0, 1, 1, 0, 0, 1, 1, 0, 0, 1, 0, 0, 1, 1, 0, 1, 0, 1, 0, 1, 0, 1, 1, 0, 1, 1, 0, 1, 1, 0, 0, 1, 0, 1, 1, 0, 1, 0, 0, 1, 0, 1, 0, 0, 1, 1, 0, 1, 0, 0, 1, 1, 0, 1, 0, 1, 0, 1, 0, 1, 1, 0, 0, 1, 0, 0
 0, 1, 0, 0, 1, 0, 0, 1, 0, 1, 0, 0, 1, 0, 1, 0, 1, 0, 1, 0, 1, 1, 0, 1, 1, 0, 1, 1, 0, 1, 1, 0, 1, 0, 1, 1, 0, 0, 1, 0, 0, 1, 1, 0, 1, 0, 0, 1, 0, 1, 0, 0, 1, 0, 1, 1, 0, 0, 1, 0, 1, 0, 1, 0, 1, 1, 0, 0, 1, 0, 1, 0, 0, 1, 1, 0, 1, 0, 0, 1, 0, 1, 1, 0, 1, 0, 1, 1, 0, 1, 0, 0, 1, 1, 0, 0, 1, 0, 0, 1, 1, 0, 1, 0, 1, 1, 0, 1, 1, 0
 0, 0, 1, 1, 0, 1, 0, 0, 1, 0, 1, 0, 1, 1, 0, 1, 1, 0, 0, 1, 0, 0, 1, 1, 0, 1, 0, 1, 1, 0, 1, 0, 0, 1, 0, 0, 1, 1, 0, 1, 1, 0, 1, 1, 0, 0, 1, 0, 1, 0, 1, 1, 0, 1, 0, 1, 1, 0, 0, 1, 0, 0, 1, 0, 1, 0, 1, 1, 0, 1, 0, 1, 1, 0, 1, 1, 0, 0, 1, 0, 0, 1, 0, 0, 1, 0, 0, 1, 0, 0, 1, 1, 0, 1, 0, 1, 1, 0, 1, 0, 0, 1, 1, 0, 0, 1, 1, 0, 0, 1
 1, 0, 0, 1, 1, 0, 1, 1, 0, 0, 1, 1, 0, 0, 1, 1, 0, 1, 1, 0, 1, 0, 1, 0, 0, 1, 1, 0, 0, 1, 0, 1, 0, 0, 1, 0, 0, 1, 1, 0, 1, 1, 0, 0, 1, 1, 0, 1, 1, 0, 1, 0, 0, 1, 1, 0, 0, 1, 0, 0, 1, 1, 0, 1, 0, 0, 1, 0, 1, 0, 1, 0, 0, 1, 0, 0, 1, 1, 0, 1, 1, 0, 0, 1, 0, 1, 0, 0, 1, 0, 0, 1, 0, 0, 1, 1, 0, 1, 1, 0, 1, 1, 0, 1, 1, 0, 1, 0, 1, 0
 0, 1, 1, 0, 0, 1, 1, 0, 0, 1, 0, 0, 1, 1, 0, 0, 1, 0, 1, 0, 0, 1, 0, 1, 1, 0, 1, 0, 0, 1, 1, 0, 1, 0, 0, 1, 1, 0, 0, 1, 0, 1, 0, 0, 1, 0, 1, 0, 0, 1, 0, 0, 1, 0, 1, 1, 0, 0, 1, 0, 1, 0, 1, 1, 0, 1, 0, 1, 0, 0, 1, 1, 0, 1, 0, 1, 1, 0, 1, 0, 1, 0, 1, 1, 0, 0, 1, 1, 0, 1, 1, 0, 1, 1, 0, 0, 1, 0, 0, 1, 1, 0, 1, 1, 0, 1, 0, 1, 0, 1
 1, 0, 0, 1, 1, 0, 0, 1, 1, 0, 0, 1, 0, 1, 0, 1, 0, 1, 0, 1, 0, 0, 1, 0, 1, 0, 0, 1, 1, 0, 1, 1, 0, 1, 0, 1, 0, 1, 1, 0, 1, 0, 1, 1, 0, 1, 0, 1, 1, 0, 0, 1, 0, 1, 0, 0, 1, 0, 0, 1, 0, 1, 0, 0, 1, 0, 1, 0, 1, 1, 0, 0, 1, 0, 1, 1, 0, 1, 1, 0, 0, 1, 1, 0, 1, 1, 0, 0, 1, 0, 1, 1, 0, 0, 1, 1, 0, 1, 1, 0, 0, 1, 0, 0, 1, 1, 0, 1, 0, 0
 1, 1, 0, 0, 1, 0, 1, 0, 1, 0, 1, 0, 1, 0, 1, 1, 0, 0, 1, 0, 1, 0, 1, 0, 0, 1, 0, 1, 0, 1, 0, 1, 0, 1, 1, 0, 1, 0, 1, 0, 1, 0, 0, 1, 1, 0, 1, 1, 0, 1, 1, 0, 1, 0, 1, 0, 0, 1, 1, 0, 1, 1, 0, 1, 0, 1, 1, 0, 0, 1, 1, 0, 0, 1, 0, 0, 1, 0, 0, 1, 0, 1, 0, 1, 0, 0, 1, 1, 0, 1, 0, 0, 1, 0, 0, 1, 1, 0, 1, 1, 0, 1, 0, 0, 1, 0, 1, 0, 1, 0
 0, 0, 1, 1, 0, 1, 0, 1, 0, 1, 1, 0, 0, 1, 0, 0, 1, 1, 0, 1, 0, 1, 0, 1, 0, 1, 1, 0, 1, 1, 0, 0, 1, 0, 0, 1, 1, 0, 0, 1, 0, 1, 1, 0, 0, 1, 1, 0, 0, 1, 0, 0, 1, 1, 0, 1, 1, 0, 1, 1, 0, 0, 1, 0, 0, 1, 0, 1, 1, 0, 0, 1, 0, 1, 0, 1, 0, 1, 0, 0, 1, 0, 1, 0, 1, 0, 1, 0, 1, 0, 0, 1, 0, 1, 1, 0, 1, 1, 0, 0, 1, 0, 1, 1, 0, 0, 1, 0, 1, 1
 0, 1, 1, 0, 0, 1, 1, 0, 1, 0, 0, 1, 1, 0, 1, 0, 1, 0, 0, 1, 1, 0, 1, 0, 1, 0, 0, 1, 0, 0, 1, 1, 0, 1, 1, 0, 0, 1, 0, 0, 1, 1, 0, 1, 0, 1, 0, 1, 1, 0, 0, 1, 0, 0, 1, 1, 0, 1, 0, 1, 0, 1, 0, 0, 1, 0, 1, 0, 1, 1, 0, 1, 1, 0, 1, 0, 1, 0, 1, 0, 1, 1, 0, 0, 1, 1, 0, 1, 0, 1, 1, 0, 0, 1, 0, 1, 0, 1, 0, 0, 1, 1, 0, 1, 0, 1, 0, 1, 0, 0
 1, 0, 0, 1, 1, 0, 1, 0, 0, 1, 0, 1, 1, 0, 0, 1, 0, 0, 1, 0, 1, 0, 1, 1, 0, 1, 0, 0, 1, 0, 0, 1, 1, 0, 1, 0, 0, 1, 1, 0, 1, 0, 1, 0, 1, 0, 0, 1, 0, 1, 1, 0, 0, 1, 1, 0, 1, 0, 1, 0, 1, 1, 0, 1, 0, 1, 0, 1, 0, 0, 1, 0, 0, 1, 0, 1, 1, 0, 0, 1, 0, 0, 1, 1, 0, 1, 1, 0, 1, 1, 0, 0, 1, 0, 1, 0, 1, 0, 1, 1, 0, 1, 1, 0, 1, 0, 1, 0, 0, 1
 0, 1, 1, 0, 1, 1, 0, 1, 1, 0, 1, 0, 0, 1, 1, 0, 0, 1, 0, 1, 0, 1, 0, 1, 0, 0, 1, 1, 0, 1, 1, 0, 0, 1, 0, 1, 1, 0, 0, 1, 0, 1, 0, 1, 0, 1, 1, 0, 1, 0, 1, 0, 1, 0, 0, 1, 1, 0, 0, 1, 1, 0, 1, 0, 1, 1, 0, 0, 1, 0, 1, 1, 0, 1, 1, 0, 0, 1, 0, 0, 1, 1, 0, 0, 1, 0, 0, 1, 0, 0, 1, 1, 0, 1, 0, 1, 0, 1, 0, 1, 0, 0, 1, 0, 0, 1, 0, 0, 1, 1
 1, 1, 0, 1, 0, 1, 0, 1, 0, 1, 0, 1, 1, 0, 0, 1, 1, 0, 1, 1, 0, 1, 0, 0, 1, 0, 1, 0, 1, 0, 1, 0, 1, 0, 0, 1, 1, 0, 1, 0, 1, 0, 1, 1, 0, 1, 1, 0, 1, 0, 0, 1, 1, 0, 0, 1, 0, 1, 1, 0, 0, 1, 0, 0, 1, 0, 1, 0, 1, 1, 0, 0, 1, 0, 0, 1, 0, 1, 1, 0, 0, 1, 0, 1, 0, 1, 0, 1, 0, 0, 1, 1, 0, 1, 1, 0, 1, 1, 0, 0, 1, 0, 0, 1, 0, 0, 1, 1, 0, 0
 1, 0, 1, 0, 1, 0, 1, 0, 1, 0, 1, 0, 1, 1, 0, 1, 0, 1, 0, 0, 1, 0, 1, 0, 1, 1, 0, 1, 0, 1, 0, 1, 0, 1, 1, 0, 0, 1, 0, 0, 1, 1, 0, 0, 1, 0, 0, 1, 0, 1, 0, 1, 0, 1, 1, 0, 1, 0, 0, 1, 1, 0, 1, 1, 0, 1, 0, 1, 0, 1, 0, 0, 1, 1, 0, 0, 1, 0, 0, 1, 1, 0, 1, 0, 1, 0, 1, 0, 1, 1, 0, 0, 1, 0, 1, 1, 0, 0, 1, 1, 0, 1, 0, 0, 1, 1, 0, 0, 1, 0
 0, 0, 1, 0, 1, 0, 1, 0, 0, 1, 0, 1, 0, 1, 1, 0, 0, 1, 0, 1, 0, 1, 0, 1, 0, 1, 0, 0, 1, 0, 1, 1, 0, 0, 1, 1, 0, 0, 1, 1, 0, 1, 1, 0, 1, 0, 1, 0, 1, 0, 1, 0, 0, 1, 0, 0, 1, 0, 1, 0, 0, 1, 0, 0, 1, 1, 0, 1, 0, 0, 1, 1, 0, 0, 1, 1, 0, 1, 1, 0, 1, 1, 0, 0, 1, 1, 0, 1, 1, 0, 1, 1, 0, 1, 0, 1, 0, 0, 1, 0, 1, 0, 1, 0, 1, 0, 1, 1, 0, 1
 0, 1, 0, 1, 0, 1, 0, 1, 1, 0, 1, 0, 1, 0, 1, 0, 1, 0, 1, 0, 1, 0, 0, 1, 0, 0, 1, 0, 1, 0, 1, 0, 1, 1, 0, 0, 1, 0, 0, 1, 1, 0, 1, 1, 0, 1, 0, 1, 0, 1, 1, 0, 1, 0, 0, 1, 0, 1, 0, 0, 1, 0, 1, 1, 0, 0, 1, 0, 1, 1, 0, 1, 0, 1, 1, 0, 0, 1, 1, 0, 0, 1, 0, 1, 0, 0, 1, 1, 0, 1, 0, 0, 1, 0, 1, 0, 1, 1, 0, 0, 1, 0, 1, 1, 0, 1, 1, 0, 1, 0
 1, 0, 1, 1, 0, 1, 0, 0, 1, 1, 0, 1, 1, 0, 0, 1, 0, 0, 1, 0, 0, 1, 1, 0, 1, 1, 0, 1, 0, 1, 0, 1, 0, 0, 1, 0, 0, 1, 1, 0, 0, 1, 0, 0, 1, 0, 1, 0, 1, 1, 0, 1, 1, 0, 1, 0, 1, 1, 0, 1, 0, 0, 1, 1, 0, 1, 0, 1, 0, 1, 1, 0, 1, 1, 0, 0, 1, 0, 0, 1, 1, 0, 1, 1, 0, 0, 1, 0, 1, 1, 0, 0, 1, 1, 0, 0, 1, 0, 0, 1, 0, 1, 0, 0, 1, 0, 0, 1, 1, 0
 0, 1, 0, 0, 1, 0, 1, 1, 0, 0, 1, 0, 0, 1, 1, 0, 0, 1, 0, 1, 0, 1, 1, 0, 0, 1, 0, 0, 1, 0, 1, 0, 1, 1, 0, 1, 1, 0, 0, 1, 1, 0, 1, 1, 0, 0, 1, 1, 0, 0, 1, 1, 0, 1, 1, 0, 1, 0, 1, 0, 1, 1, 0, 0, 1, 0, 0, 1, 0, 0, 1, 1, 0, 0, 1, 1, 0, 1, 1, 0, 0, 1, 0, 0, 1, 1, 0, 1, 0, 0, 1, 1, 0, 1, 0, 1, 0, 1, 1, 0, 1, 1, 0, 0, 1, 0, 1, 0, 0, 1
 1, 0, 1, 0, 0, 1, 0, 1, 1, 0, 0, 1, 0, 1, 1, 0, 1, 0, 0, 1, 1, 0, 0, 1, 1, 0, 1, 1, 0, 1, 0, 1, 0, 0, 1, 1, 0, 0, 1, 1, 0, 0, 1, 0, 1, 1, 0, 1, 0, 1, 0, 0, 1, 0, 0, 1, 0, 0, 1, 1, 0, 1, 0, 1, 0, 0, 1, 0, 1, 0, 0, 1, 1, 0, 1, 1, 0, 1, 0, 1, 1, 0, 0, 1, 0, 1, 0, 1, 1, 0, 1, 1, 0, 0, 1, 0, 1, 0, 1, 1, 0, 0, 1, 1, 0, 1, 0, 1, 0, 0
 1, 0, 1, 1, 0, 0, 1, 0, 0, 1, 0, 1, 1, 0, 0, 1, 0, 1, 1, 0, 1, 0, 1, 0, 1, 0, 0, 1, 0, 1, 0, 1, 0, 0, 1, 0, 1, 1, 0, 0, 1, 1, 0, 1, 0, 1, 1, 0, 1, 0, 1, 0, 0, 1, 0, 0, 1, 1, 0, 1, 1, 0, 1, 1, 0, 1, 0, 1, 0, 1, 0, 0, 1, 1, 0, 0, 1, 0, 1, 1, 0, 0, 1, 0, 1, 0, 1, 0, 1, 1, 0, 0, 1, 1, 0, 0, 1, 0, 0, 1, 1, 0, 0, 1, 0, 1, 0, 1, 1, 0
 0, 1, 0, 0, 1, 0, 0, 1, 1, 0, 1, 0, 1, 0, 1, 0, 0, 1, 0, 1, 0, 1, 0, 1, 0, 1, 1, 0, 1, 0, 1, 0, 1, 1, 0, 1, 0, 1, 0, 1, 0, 1, 1, 0, 1, 0, 1, 0, 1, 0, 0, 1, 0, 0, 1, 1, 0, 0, 1, 0, 1, 0, 1, 0, 1, 0, 1, 1, 0, 0, 1, 1, 0, 0, 1, 1, 0, 0, 1, 0, 1, 1, 0, 1, 0, 0, 1, 1, 0, 1, 1, 0, 1, 0, 1, 1, 0, 1, 1, 0, 0, 1, 0, 0, 1, 0, 1, 0, 0, 1
 1, 0, 1, 1, 0, 1, 1, 0, 1, 1, 0, 1, 0, 1, 0, 0, 1, 0, 1, 0, 0, 1, 0, 0, 1, 1, 0, 0, 1, 1, 0, 0, 1, 1, 0, 1, 1, 0, 1, 0, 1, 0, 0, 1, 0, 1, 0, 1, 0, 1, 1, 0, 1, 0, 1, 0, 0, 1, 0, 1, 0, 1, 0, 1, 0, 1, 0, 0, 1, 1, 0, 1, 0, 1, 1, 0, 0, 1, 0, 1, 0, 0, 1, 0, 1, 1, 0, 0, 1, 0, 1, 1, 0, 1, 0, 0, 1, 0, 0, 1, 1, 0, 1, 0, 0, 1, 0, 1, 0, 1
 1, 0, 0, 1, 0, 1, 0, 1, 0, 1, 1, 0, 1, 1, 0, 1, 1, 0, 1, 0, 1, 0, 1, 0, 1, 0, 1, 1, 0, 0, 1, 1, 0, 0, 1, 0, 0, 1, 1, 0, 0, 1, 1, 0, 1, 0, 1, 1, 0, 0, 1, 0, 0, 1, 0, 0, 1, 0, 1, 0, 1, 0, 0, 1, 0, 0, 1, 1, 0, 1, 0, 0, 1, 1, 0, 0, 1, 0, 1, 0, 1, 1, 0, 1, 1, 0, 1, 0, 1, 0, 0, 1, 0, 1, 1, 0, 0, 1, 0, 0, 1, 1, 0, 1, 1, 0, 0, 1, 1, 0
 0, 1, 1, 0, 1, 0, 1, 0, 1, 0, 0, 1, 1, 0, 1, 1, 0, 1, 0, 1, 0, 1, 0, 1, 0, 1, 0, 1, 0, 1, 0, 0, 1, 1, 0, 1, 0, 1, 0, 1, 0, 1, 0, 0, 1, 1, 0, 0, 1, 1, 0, 1, 0, 0, 1, 1, 0, 1, 0, 1, 0, 0, 1, 0, 1, 0, 0, 1, 0, 0, 1, 1, 0, 0, 1, 1, 0, 1, 0, 1, 1, 0, 1, 1, 0, 0, 1, 1, 0, 1, 0, 0, 1, 0, 0, 1, 0, 0, 1, 0, 0, 1, 1, 0, 1, 0, 1, 0, 1, 1
 1, 1, 0, 0, 1, 1, 0, 0, 1, 1, 0, 1, 0, 1, 0, 0, 1, 1, 0, 0, 1, 0, 1, 0, 1, 0, 1, 0, 1, 0, 1, 1, 0, 0, 1, 0, 1, 0, 0, 1, 1, 0, 1, 1, 0, 0, 1, 1, 0, 0, 1, 0, 1, 1, 0, 1, 1, 0, 1, 1, 0, 1, 0, 1, 0, 1, 0, 0, 1, 0, 0, 1, 1, 0, 0, 1, 1, 0, 1, 0, 0, 1, 1, 0, 0, 1, 0, 1, 1, 0, 1, 1, 0, 1, 0, 0, 1, 1, 0, 1, 0, 0, 1, 0, 0, 1, 0, 1, 0, 0
 1, 0, 1, 1, 0, 1, 0, 1, 0, 0, 1, 0, 0, 1, 1, 0, 1, 0, 1, 1, 0, 1, 0, 0, 1, 0, 1, 0, 1, 1, 0, 0, 1, 1, 0, 1, 0, 1, 1, 0, 1, 1, 0, 0, 1, 0, 1, 0, 0, 1, 0, 1, 0, 1, 0, 0, 1, 0, 1, 0, 1, 0, 1, 1, 0, 0, 1, 0, 0, 1, 1, 0, 0, 1, 1, 0, 0, 1, 0, 1, 0, 1, 0, 0, 1, 1, 0, 0, 1, 0, 0, 1, 0, 0, 1, 1, 0, 1, 1, 0, 1, 1, 0, 1, 1, 0, 1, 0, 1, 0
 0, 1, 0, 1, 0, 0, 1, 0, 1, 1, 0, 0, 1, 0, 0, 1, 0, 0, 1, 0, 1, 0, 1, 1, 0, 1, 0, 1, 0, 1, 1, 0, 1, 0, 1, 0, 1, 0, 0, 1, 0, 1, 0, 1, 0, 1, 0, 0, 1, 0, 1, 1, 0, 0, 1, 1, 0, 1, 0, 1, 0, 1, 1, 0, 1, 1, 0, 1, 0, 0, 1, 0, 1, 1, 0, 1, 1, 0, 1, 0, 1, 0, 0, 1, 0, 0, 1, 1, 0, 1, 0, 0, 1, 0, 1, 1, 0, 0, 1, 1, 0, 1, 0, 1, 0, 1, 0, 0, 1, 1
 0, 1, 1, 0, 1, 1, 0, 0, 1, 0, 1, 1, 0, 1, 0, 0, 1, 1, 0, 1, 1, 0, 1, 0, 1, 0, 0, 1, 1, 0, 0, 1, 0, 1, 0, 0, 1, 0, 1, 1, 0, 0, 1, 1, 0, 0, 1, 1, 0, 0, 1, 0, 1, 1, 0, 0, 1, 1, 0, 0, 1, 1, 0, 1, 0, 0, 1, 0, 1, 0, 0, 1, 0, 0, 1, 0, 1, 1, 0, 1, 0, 1, 1, 0, 0, 1, 1, 0, 0, 1, 1, 0, 1, 1, 0, 0, 1, 1, 0, 0, 1, 0, 1, 0, 1, 0, 1, 1, 0, 0
 1, 0, 0, 1, 0, 1, 0, 1, 0, 0, 1, 0, 1, 0, 1, 0, 1, 0, 0, 1, 0, 1, 0, 1, 0, 1, 1, 0, 0, 1, 1, 0, 1, 1, 0, 1, 0, 1, 0, 0, 1, 1, 0, 0, 1, 0, 1, 0, 0, 1, 0, 1, 0, 0, 1, 0, 1, 0, 1, 0, 1, 0, 1, 1, 0, 0, 1, 0, 0, 1, 0, 1, 1, 0, 0, 1, 0, 1, 0, 1, 1, 0, 1, 0, 1, 1, 0, 1, 1, 0, 1, 1, 0, 0, 1, 1, 0, 0, 1, 1, 0, 1, 0, 0, 1, 1, 0, 1, 0, 1
 0, 1, 1, 0, 1, 0, 1, 0, 1, 1, 0, 1, 1, 0, 1, 1, 0, 1, 1, 0, 1, 0, 1, 1, 0, 0, 1, 0, 1, 0, 1, 0, 1, 0, 1, 1, 0, 0, 1, 0, 1, 0, 1, 1, 0, 1, 0, 0, 1, 1, 0, 0, 1, 0, 0, 1, 0, 1, 0, 1, 0, 1, 0, 0, 1, 1, 0, 1, 0, 1, 1, 0, 0, 1, 0, 0, 1, 0, 1, 0, 0, 1, 0, 1, 0, 0, 1, 0, 0, 1, 0, 0, 1, 0, 0, 1, 0, 1, 0, 1, 1, 0, 1, 1, 0, 1, 1, 0, 1, 0
 1, 1, 0, 1, 1, 0, 1, 1, 0, 1, 0, 1, 0, 1, 0, 1, 0, 1, 0, 0, 1, 1, 0, 0, 1, 0, 0, 1, 0, 1, 0, 1, 0, 1, 0, 0, 1, 1, 0, 1, 0, 1, 0, 0, 1, 0, 1, 1, 0, 0, 1, 1, 0, 1, 1, 0, 0, 1, 1, 0, 0, 1, 0, 0, 1, 0, 1, 0, 1, 0, 1, 0, 1, 0, 1, 0, 1, 0, 1, 1, 0, 1, 0, 1, 0, 1, 0, 0, 1, 0, 1, 1, 0, 1, 0, 0, 1, 1, 0, 0, 1, 0, 1, 0, 1, 0, 0, 1, 0, 1
 0, 0, 1, 0, 0, 1, 0, 0, 1, 0, 1, 0, 1, 0, 1, 0, 1, 0, 0, 1, 0, 0, 1, 1, 0, 1, 0, 1, 1, 0, 1, 0, 1, 1, 0, 0, 1, 0, 1, 0, 1, 0, 1, 0, 0, 1, 0, 1, 0, 0, 1, 0, 0, 1, 0, 1, 1, 0, 0, 1, 1, 0, 1, 1, 0, 1, 0, 1, 1, 0, 0, 1, 1, 0, 1, 1, 0, 1, 0, 1, 1, 0, 1, 0, 1, 0, 1, 1, 0, 1, 0, 0, 1, 0, 1, 1, 0, 0, 1, 1, 0, 1, 0, 1, 0, 0, 1, 0, 1, 1
 1, 1, 0, 1, 0, 0, 1, 1, 0, 0, 1, 1, 0, 1, 0, 1, 1, 0, 1, 1, 0, 0, 1, 1, 0, 0, 1, 0, 0, 1, 0, 1, 0, 0, 1, 1, 0, 0, 1, 1, 0, 0, 1, 1, 0, 1, 0, 0, 1, 1, 0, 1, 1, 0, 0, 1, 1, 0, 1, 0, 1, 0, 1, 0, 1, 0, 1, 0, 0, 1, 0, 1, 0, 1, 0, 1, 1, 0, 1, 0, 1, 0, 0, 1, 0, 1, 0, 1, 1, 0, 0, 1, 1, 0, 1, 0, 0, 1, 1, 0, 0, 1, 1, 0, 0, 1, 0, 0, 1, 0
 1, 0, 1, 0, 1, 1, 0, 0, 1, 1, 0, 0, 1, 0, 1, 0, 0, 1, 1, 0, 1, 1, 0, 0, 1, 1, 0, 1, 1, 0, 0, 1, 1, 0, 0, 1, 0, 1, 0, 1, 0, 1, 0, 0, 1, 0, 1, 0, 0, 1, 0, 1, 1, 0, 1, 0, 0, 1, 0, 1, 0, 1, 0, 1, 0, 1, 1, 0, 1, 0, 1, 0, 0, 1, 0, 0, 1, 0, 1, 1, 0, 1, 0, 1, 0, 0, 1, 0, 0, 1, 1, 0, 0, 1, 0, 1, 1, 0, 0, 1, 1, 0, 0, 1, 1, 0, 1, 1, 0, 1
 0, 1, 0, 1, 1, 0, 0, 1, 0, 1, 0, 1, 0, 1, 0, 1, 0, 1, 0, 1, 1, 0, 0, 1, 0, 1, 1, 0, 0, 1, 1, 0, 0, 1, 1, 0, 1, 1, 0, 0, 1, 0, 0, 1, 0, 0, 1, 1, 0, 0, 1, 0, 0, 1, 1, 0, 1, 0, 1, 0, 1, 0, 1, 0, 1, 0, 0, 1, 0, 1, 0, 0, 1, 0, 1, 1, 0, 1, 0, 1, 1, 0, 1, 0, 1, 1, 0, 0, 1, 0, 0, 1, 0, 1, 1, 0, 1, 1, 0, 1, 0, 1, 1, 0, 1, 0, 0, 1, 1, 0
 1, 0, 0, 1, 0, 1, 1, 0, 1, 0, 1, 1, 0, 1, 1, 0, 1, 0, 1, 0, 0, 1, 1, 0, 1, 0, 1, 0, 1, 0, 0, 1, 0, 1, 0, 0, 1, 0, 1, 1, 0, 1, 1, 0, 1, 1, 0, 1, 1, 0, 0, 1, 1, 0, 0, 1, 0, 1, 0, 1, 0, 0, 1, 0, 0, 1, 0, 0, 1, 0, 1, 1, 0, 0, 1, 0, 0, 1, 1, 0, 0, 1, 0, 1, 1, 0, 0, 1, 0, 1, 0, 1, 1, 0, 0, 1, 0, 1, 1, 0, 1, 0, 1, 0, 0, 1, 1, 0, 0, 1
 0, 1, 1, 0, 1, 0, 1, 0, 0, 1, 0, 0, 1, 0, 0, 1, 1, 0, 0, 1, 1, 0, 1, 0, 1, 0, 0, 1, 0, 0, 1, 0, 1, 0, 1, 1, 0, 1, 0, 1, 0, 0, 1, 1, 0, 0, 1, 0, 0, 1, 1, 0, 1, 0, 1, 0, 1, 0, 1, 0, 1, 1, 0, 1, 1, 0, 1, 1, 0, 0, 1, 0, 1, 1, 0, 1, 1, 0, 1, 0, 1, 0, 1, 1, 0, 1, 1, 0, 0, 1, 1, 0, 0, 1, 0, 0, 1, 0, 0, 1, 1, 0, 0, 1, 1, 0, 0, 1, 1, 0
 1, 0, 0, 1, 0, 1, 0, 1, 1, 0, 1, 1, 0, 1, 1, 0, 0, 1, 0, 1, 0, 1, 0, 1, 0, 1, 1, 0, 1, 1, 0, 1, 0, 1, 0, 1, 1, 0, 1, 0, 1, 0, 0, 1, 1, 0, 1, 0, 1, 0, 0, 1, 0, 1, 0, 1, 0, 0, 1, 0, 1, 0, 1, 1, 0, 0, 1, 0, 1, 1, 0, 0, 1, 1, 0, 0, 1, 0, 0, 1, 0, 0, 1, 0, 1, 1, 0, 0, 1, 0, 1, 0, 0, 1, 1, 0, 1, 0, 1, 0, 0, 1, 1, 0, 0, 1, 1, 0, 0, 1
 0, 0, 1, 0, 1, 0, 1, 1, 0, 0, 1, 0, 1, 0, 1, 0, 1, 0, 1, 0, 1, 0, 1, 1, 0, 1, 1, 0, 1, 0, 1, 0, 1, 0, 1, 0, 0, 1, 1, 0, 0, 1, 1, 0, 1, 1, 0, 1, 1, 0, 0, 1, 1, 0, 1, 1, 0, 1, 0, 1, 0, 1, 1, 0, 1, 1, 0, 0, 1, 0, 0, 1, 0, 0, 1, 0, 0, 1, 1, 0, 0, 1, 0, 1, 0, 0, 1, 1, 0, 1, 0, 1, 1, 0, 0, 1, 0, 1, 0, 1, 1, 0, 0, 1, 1, 0, 0, 1, 0, 0
 0, 1, 1, 0, 1, 1, 0, 0, 1, 1, 0, 0, 1, 1, 0, 1, 1, 0, 1, 1, 0, 0, 1, 0, 1, 0, 0, 1, 0, 0, 1, 1, 0, 1, 0, 1, 1, 0, 0, 1, 1, 0, 0, 1, 0, 1, 1, 0, 0, 1, 1, 0, 1, 1, 0, 0, 1, 1, 0, 0, 1, 0, 0, 1, 1, 0, 1, 1, 0, 0, 1, 0, 1, 0, 0, 1, 1, 0, 1, 0, 1, 1, 0, 0, 1, 0, 1, 0, 1, 0, 0, 1, 0, 1, 1, 0, 0, 1, 1, 0, 0, 1, 1, 0, 0, 1, 0, 0, 1, 0
 1, 1, 0, 1, 0, 0, 1, 1, 0, 1, 0, 1, 0, 0, 1, 1, 0, 1, 0, 0, 1, 1, 0, 0, 1, 1, 0, 0, 1, 1, 0, 0, 1, 0, 1, 1, 0, 1, 0, 0, 1, 1, 0, 0, 1, 0, 1, 1, 0, 0, 1, 1, 0, 1, 0, 1, 0, 0, 1, 0, 1, 0, 0, 1, 0, 1, 0, 1, 0, 1, 0, 0, 1, 1, 0, 0, 1, 1, 0, 1, 0, 0, 1, 1, 0, 1, 0, 1, 0, 1, 1, 0, 0, 1, 0, 1, 1, 0, 0, 1, 1, 0, 1, 0, 0, 1, 1, 0, 0, 1
 1, 0, 0, 1, 0, 1, 0, 1, 0, 0, 1, 1, 0, 1, 0, 0, 1, 0, 0, 1, 0, 0, 1, 1, 0, 0, 1, 0, 0, 1, 1, 0, 0, 1, 0, 0, 1, 0, 1, 1, 0, 0, 1, 1, 0, 1, 0, 0, 1, 1, 0, 1, 1, 0, 1, 1, 0, 0, 1, 1, 0, 1, 1, 0, 1, 0, 1, 0, 1, 0, 1, 1, 0, 0, 1, 1, 0, 0, 1, 0, 1, 0, 0, 1, 1, 0, 1, 1, 0, 1, 0, 0, 1, 0, 1, 1, 0, 1, 0, 1, 1, 0, 0, 1, 1, 0, 0, 1, 1, 0
 0, 0, 1, 0, 1, 1, 0, 0, 1, 0, 1, 0, 1, 0, 0, 1, 0, 1, 1, 0, 1, 0, 0, 1, 0, 1, 0, 1, 1, 0, 0, 1, 1, 0, 0, 1, 0, 1, 0, 1, 0, 1, 0, 0, 1, 1, 0, 0, 1, 1, 0, 0, 1, 0, 1, 0, 1, 1, 0, 0, 1, 1, 0, 1, 1, 0, 1, 0, 1, 0, 1, 0, 1, 0, 1, 0, 1, 0, 1, 1, 0, 1, 1, 0, 1, 1, 0, 0, 1, 0, 1, 1, 0, 1, 1, 0, 1, 0, 1, 0, 0, 1, 0, 1, 0, 0, 1, 1, 0, 0
 1, 1, 0, 1, 0, 0, 1, 1, 0, 1, 0, 1, 0, 0, 1, 0, 0, 1, 0, 1, 0, 1, 1, 0, 1, 0, 0, 1, 0, 1, 1, 0, 0, 1, 1, 0, 1, 0, 1, 0, 1, 0, 0, 1, 0, 0, 1, 1, 0, 0, 1, 1, 0, 1, 0, 0, 1, 0, 1, 0, 1, 0, 1, 0, 0, 1, 0, 1, 0, 1, 0, 1, 0, 1, 0, 1, 0, 1, 0, 0, 1, 0, 1, 1, 0, 0, 1, 1, 0, 1, 0, 1, 1, 0, 0, 1, 0, 0, 1, 1, 0, 1, 1, 0, 1, 1, 0, 0, 1, 1
 1, 0, 0, 1, 0, 1, 0, 0, 1, 0, 1, 1, 0, 1, 0, 0, 1, 0, 1, 0, 1, 0, 1, 1, 0, 0, 1, 0, 1, 0, 1, 1, 0, 0, 1, 0, 0, 1, 0, 1, 0, 1, 1, 0, 0, 1, 0, 1, 0, 1, 0, 0, 1, 0, 0, 1, 0, 1, 0, 1, 0, 0, 1, 0, 0, 1, 1, 0, 1, 1, 0, 1, 0, 1, 0, 1, 1, 0, 0, 1, 0, 1, 0, 1, 0, 1, 1, 0, 0, 1, 1, 0, 0, 1, 1, 0, 1, 1, 0, 1, 1, 0, 0, 1, 1, 0, 1, 0, 1, 1
 0, 0, 1, 0, 1, 1, 0, 1, 0, 1, 0, 0, 1, 0, 1, 1, 0, 1, 0, 0, 1, 1, 0, 1, 0, 1, 1, 0, 1, 1, 0, 0, 1, 0, 0, 1, 0, 1, 0, 1, 0, 0, 1, 0, 1, 0, 1, 0, 1, 0, 1, 0, 1, 0, 1, 1, 0, 1, 0, 1, 0, 1, 0, 1, 1, 0, 0, 1, 1, 0, 1, 0, 1, 0, 1, 0, 1, 0, 1, 1, 0, 1, 1, 0, 1, 0, 0, 1, 1, 0, 0, 1, 1, 0, 0, 1, 0, 1, 1, 0, 1, 0, 1, 0, 0, 1, 0, 1, 0, 0
 0, 1, 0, 1, 0, 0, 1, 0, 1, 1, 0, 1, 0, 1, 0, 0, 1, 0, 1, 1, 0, 1, 0, 0, 1, 1, 0, 1, 0, 1, 0, 1, 0, 1, 1, 0, 1, 0, 1, 0, 1, 0, 0, 1, 0, 1, 0, 1, 0, 1, 0, 1, 0, 1, 0, 0, 1, 0, 1, 0, 1, 0, 0, 1, 0, 1, 1, 0, 0, 1, 1, 0, 0, 1, 0, 1, 0, 1, 1, 0, 1, 0, 1, 1, 0, 1, 1, 0, 1, 1, 0, 1, 1, 0, 1, 0, 1, 0, 0, 1, 0, 1, 0, 1, 0, 1, 0, 0, 1, 0
 1, 0, 1, 0, 1, 0, 1, 1, 0, 0, 1, 0, 1, 0, 1, 0, 0, 1, 0, 0, 1, 0, 1, 0, 1, 0, 1, 1, 0, 0, 1, 0, 0, 1, 0, 1, 0, 1, 0, 1, 0, 1, 0, 1, 1, 0, 1, 0, 0, 1, 1, 0, 0, 1, 1, 0, 0, 1, 1, 0, 0, 1, 1, 0, 1, 0, 1, 0, 0, 1, 0, 1, 0, 1, 1, 0, 1, 1, 0, 0, 1, 1, 0, 0, 1, 0, 1, 0, 0, 1, 1, 0, 0, 1, 0, 1, 0, 1, 1, 0, 1, 1, 0, 0, 1, 0, 1, 1, 0, 1
 0, 1, 0, 0, 1, 1, 0, 1, 0, 0, 1, 0, 0, 1, 0, 1, 1, 0, 1, 1, 0, 0, 1, 1, 0, 0, 1, 0, 1, 0, 1, 0, 1, 0, 1, 0, 0, 1, 1, 0, 0, 1, 1, 0, 0, 1, 0, 1, 1, 0, 0, 1, 1, 0, 0, 1, 1, 0, 0, 1, 1, 0, 1, 1, 0, 1, 0, 1, 1, 0, 1, 0, 1, 0, 0, 1, 1, 0, 1, 1, 0, 1, 0, 1, 0, 1, 0, 1, 1, 0, 0, 1, 0, 1, 0, 0, 1, 0, 0, 1, 0, 0, 1, 1, 0, 0, 1, 1, 0, 1
 1, 0, 0, 1, 0, 0, 1, 0, 1, 1, 0, 1, 1, 0, 1, 1, 0, 1, 0, 0, 1, 1, 0, 0, 1, 1, 0, 0, 1, 1, 0, 1, 1, 0, 0, 1, 1, 0, 1, 0, 1, 0, 1, 0, 1, 0, 1, 0, 0, 1, 0, 1, 0, 1, 0, 1, 1, 0, 0, 1, 0, 1, 0, 0, 1, 0, 0, 1, 0, 1, 0, 0, 1, 0, 1, 1, 0, 1, 0, 1, 0, 0, 1, 0, 1, 0, 1, 1, 0, 1, 1, 0, 1, 0, 1, 1, 0, 1, 1, 0, 0, 1, 0, 0, 1, 1, 0, 0, 1, 0
 1, 0, 1, 0, 0, 1, 0, 1, 0, 1, 1, 0, 0, 1, 1, 0, 0, 1, 1, 0, 1, 0, 0, 1, 1, 0, 0, 1, 0, 0, 1, 1, 0, 1, 1, 0, 0, 1, 0, 1, 1, 0, 0, 1, 0, 1, 0, 1, 0, 0, 1, 0, 1, 0, 1, 0, 0, 1, 1, 0, 0, 1, 0, 1, 0, 1, 1, 0, 1, 1, 0, 1, 0, 1, 0, 0, 1, 1, 0, 0, 1, 0, 0, 1, 0, 1, 0, 0, 1, 0, 1, 1, 0, 0, 1, 1, 0, 1, 1, 0, 1, 0, 1, 1, 0, 1, 0, 1, 0, 1
 0, 1, 0, 1, 1, 0, 1, 1, 0, 0, 1, 1, 0, 1, 0, 1, 1, 0, 1, 1, 0, 0, 1, 0, 0, 1, 1, 0, 0, 1, 1, 0, 0, 1, 0, 1, 1, 0, 1, 0, 0, 1, 1, 0, 0, 1, 0, 1, 1, 0, 0, 1, 1, 0, 1, 0, 1, 1, 0, 0, 1, 0, 1, 0, 1, 1, 0, 0, 1, 0, 1, 1, 0, 0, 1, 1, 0, 0, 1, 0, 0, 1, 0, 1, 0, 0, 1, 0, 1, 1, 0, 0, 1, 1, 0, 0, 1, 0, 0, 1, 0, 1, 1, 0, 1, 0, 1, 0, 1, 0
 1, 0, 1, 0, 1, 0, 1, 0, 1, 1, 0, 0, 1, 0, 1, 0, 0, 1, 0, 1, 0, 1, 0, 1, 1, 0, 1, 0, 1, 0, 0, 1, 1, 0, 1, 0, 1, 0, 0, 1, 0, 1, 0, 0, 1, 0, 1, 0, 1, 1, 0, 1, 0, 1, 0, 1, 1, 0, 0, 1, 0, 0, 1, 1, 0, 0, 1, 1, 0, 1, 0, 0, 1, 0, 1, 1, 0, 1, 0, 1, 0, 1, 1, 0, 1, 1, 0, 1, 0, 1, 0, 1, 0, 1, 0, 0, 1, 1, 0, 0, 1, 0, 0, 1, 0, 0, 1, 1, 0, 1
 0, 1, 1, 0, 0, 1, 0, 1, 0, 0, 1, 1, 0, 0, 1, 1, 0, 0, 1, 0, 1, 1, 0, 0, 1, 1, 0, 1, 1, 0, 0, 1, 0, 1, 0, 1, 0, 1, 0, 0, 1, 0, 0, 1, 1, 0, 1, 1, 0, 1, 1, 0, 1, 0, 0, 1, 0, 1, 1, 0, 1, 1, 0, 0, 1, 0, 0, 1, 0, 1, 1, 0, 1, 1, 0, 0, 1, 0, 1, 0, 1, 0, 0, 1, 1, 0, 0, 1, 1, 0, 1, 0, 1, 0, 1, 1, 0, 0, 1, 0, 0, 1, 1, 0, 1, 1, 0, 0, 1, 0
 1, 0, 0, 1, 1, 0, 1, 1, 0, 0, 1, 0, 1, 1, 0, 0, 1, 1, 0, 1, 0, 0, 1, 1, 0, 1, 0, 1, 0, 1, 1, 0, 1, 1, 0, 0, 1, 0, 1, 1, 0, 1, 1, 0, 0, 1, 0, 0, 1, 0, 0, 1, 0, 1, 1, 0, 1, 0, 0, 1, 0, 0, 1, 1, 0, 1, 0, 0, 1, 0, 1, 1, 0, 0, 1, 0, 0, 1, 0, 1, 0, 0, 1, 1, 0, 1, 1, 0, 1, 0, 0, 1, 0, 0, 1, 0, 1, 0, 1, 1, 0, 1, 0, 1, 1, 0, 1, 0, 0, 1
 0, 1, 1, 0, 0, 1, 0, 0, 1, 1, 0, 1, 0, 1, 0, 1, 0, 1, 0, 1, 0, 0, 1, 1, 0, 0, 1, 0, 0, 1, 0, 0, 1, 0, 1, 1, 0, 1, 0, 1, 1, 0, 1, 1, 0, 1, 1, 0, 0, 1, 0, 1, 0, 0, 1, 1, 0, 0, 1, 1, 0, 1, 0, 0, 1, 0, 1, 0, 0, 1, 0, 1, 1, 0, 1, 1, 0, 0, 1, 0, 1, 1, 0, 0, 1, 0, 0, 1, 0, 1, 1, 0, 1, 1, 0, 1, 0, 1, 0, 1, 1, 0, 1, 0, 0, 1, 0, 1, 1, 0
 1, 1, 0, 1, 1, 0, 1, 0, 0, 1, 1, 0, 1, 0, 1, 0, 1, 0, 1, 0, 1, 1, 0, 0, 1, 0, 0, 1, 1, 0, 1, 1, 0, 1, 1, 0, 1, 0, 1, 0, 1, 0, 0, 1, 1, 0, 0, 1, 0, 0, 1, 0, 1, 1, 0, 0, 1, 1, 0, 0, 1, 0, 0, 1, 1, 0, 0, 1, 0, 0, 1, 0, 1, 1, 0, 0, 1, 0, 0, 1, 0, 0, 1, 1, 0, 1, 0, 0, 1, 1, 0, 1, 0, 1, 1, 0, 1, 0, 1, 0, 0, 1, 0, 1, 0, 1, 1, 0, 0, 1
 1, 0, 1, 0, 0, 1, 0, 1, 1, 0, 1, 0, 0, 1, 0, 1, 1, 0, 1, 0, 0, 1, 1, 0, 0, 1, 1, 0, 1, 0, 0, 1, 0, 1, 0, 0, 1, 0, 1, 1, 0, 1, 1, 0, 1, 1, 0, 0, 1, 0, 1, 0, 0, 1, 1, 0, 0, 1, 0, 0, 1, 0, 1, 1, 0, 1, 1, 0, 1, 0, 1, 1, 0, 1, 0, 0, 1, 1, 0, 1, 0, 0, 1, 0, 1, 0, 1, 1, 0, 0, 1, 0, 1, 0, 0, 1, 1, 0, 0, 1, 1, 0, 1, 0, 1, 0, 0, 1, 1, 0
 0, 1, 0, 1, 1, 0, 0, 1, 1, 0, 0, 1, 0, 1, 0, 1, 0, 1, 0, 1, 1, 0, 0, 1, 1, 0, 1, 0, 0, 1, 1, 0, 1, 0, 0, 1, 0, 1, 0, 0, 1, 0, 1, 1, 0, 0, 1, 0, 1, 1, 0, 1, 1, 0, 1, 1, 0, 0, 1, 1, 0, 1, 0, 0, 1, 0, 1, 0, 0, 1, 0, 0, 1, 0, 1, 1, 0, 0, 1, 0, 1, 1, 0, 1, 0, 0, 1, 1, 0, 1, 1, 0, 1, 0, 1, 0, 0, 1, 1, 0, 0, 1, 0, 1, 0, 1, 0, 1, 0, 1
 0, 0, 1, 0, 0, 1, 1, 0, 0, 1, 0, 0, 1, 0, 1, 0, 1, 0, 1, 1, 0, 1, 0, 0, 1, 1, 0, 1, 1, 0, 1, 1, 0, 0, 1, 1, 0, 1, 1, 0, 1, 1, 0, 1, 1, 0, 0, 1, 0, 1, 0, 0, 1, 1, 0, 0, 1, 1, 0, 0, 1, 1, 0, 0, 1, 0, 0, 1, 1, 0, 1, 0, 1, 0, 1, 0, 1, 1, 0, 1, 1, 0, 1, 0, 0, 1, 0, 0, 1, 0, 0, 1, 0, 1, 1, 0, 1, 0, 0, 1, 1, 0, 1, 0, 1, 0, 1, 0, 1, 0
 1, 0, 1, 0, 1, 1, 0, 1, 1, 0, 1, 1, 0, 0, 1, 1, 0, 1, 0, 0, 1, 0, 1, 0, 0, 1, 0, 0, 1, 1, 0, 0, 1, 1, 0, 0, 1, 0, 1, 1, 0, 1, 1, 0, 0, 1, 0, 0, 1, 0, 1, 0, 0, 1, 1, 0, 1, 0, 0, 1, 0, 0, 1, 1, 0, 1, 1, 0, 1, 1, 0, 1, 0, 1, 0, 0, 1, 0, 0, 1, 0, 1, 0, 1, 1, 0, 1, 0, 1, 0, 1, 0, 1, 1, 0, 1, 0, 0, 1, 0, 1, 0, 0, 1, 0, 1, 0, 1, 0, 1
 0, 1, 0, 1, 0, 0, 1, 1, 0, 1, 1, 0, 1, 1, 0, 0, 1, 0, 1, 0, 0, 1, 0, 1, 0, 0, 1, 1, 0, 1, 0, 1, 0, 1, 0, 1, 0, 1, 0, 1, 0, 0, 1, 0, 1, 0, 1, 0, 1, 1, 0, 1, 1, 0, 1, 1, 0, 1, 1, 0, 0, 1, 0, 0, 1, 1, 0, 1, 0, 0, 1, 0, 0, 1, 0, 1, 0, 0, 1, 0, 0, 1, 1, 0, 0, 1, 0, 1, 0, 1, 0, 1, 1, 0, 1, 1, 0, 1, 1, 0, 0, 1, 1, 0, 1, 0, 1, 0, 0, 1
 1, 1, 0, 1, 1, 0, 1, 0, 1, 0, 0, 1, 0, 0, 1, 1, 0, 0, 1, 1, 0, 1, 0, 0, 1, 0, 0, 1, 0, 0, 1, 0, 1, 0, 1, 0, 1, 0, 1, 0, 1, 0, 0, 1, 0, 0, 1, 1, 0, 1, 1, 0, 0, 1, 0, 0, 1, 1, 0, 1, 1, 0, 0, 1, 1, 0, 1, 1, 0, 0, 1, 0, 1, 0, 1, 1, 0, 1, 1, 0, 1, 0, 1, 0, 1, 0, 1, 1, 0, 0, 1, 1, 0, 0, 1, 0, 1, 0, 0, 1, 0, 1, 1, 0, 0, 1, 0, 1, 1, 0
 0, 0, 1, 0, 0, 1, 0, 1, 0, 1, 1, 0, 1, 1, 0, 1, 0, 1, 0, 1, 1, 0, 1, 0, 0, 1, 1, 0, 1, 0, 1, 1, 0, 0, 1, 0, 1, 1, 0, 0, 1, 1, 0, 0, 1, 1, 0, 1, 1, 0, 0, 1, 0, 0, 1, 1, 0, 0, 1, 1, 0, 0, 1, 0, 0, 1, 0, 0, 1, 1, 0, 1, 0, 0, 1, 0, 1, 0, 0, 1, 1, 0, 0, 1, 0, 1, 0, 0, 1, 1, 0, 0, 1, 1, 0, 1, 1, 0, 1, 0, 1, 0, 0, 1, 1, 0, 1, 1, 0, 1
 1, 0, 1, 0, 1, 0, 1, 0, 1, 0, 0, 1, 1, 0, 1, 0, 1, 1, 0, 0, 1, 1, 0, 1, 1, 0, 1, 0, 0, 1, 0, 1, 0, 1, 0, 1, 0, 0, 1, 1, 0, 0, 1, 1, 0, 0, 1, 0, 0, 1, 1, 0, 1, 1, 0, 0, 1, 0, 1, 0, 0, 1, 0, 1, 0, 0, 1, 0, 0, 1, 1, 0, 0, 1, 0, 1, 0, 0, 1, 0, 0, 1, 1, 0, 1, 1, 0, 1, 0, 0, 1, 0, 1, 0, 1, 1, 0, 1, 0, 1, 1, 0, 1, 1, 0, 1, 1, 0, 1, 0
 0, 1, 0, 1, 0, 1, 0, 1, 0, 1, 1, 0, 0, 1, 0, 1, 1, 0, 1, 0, 0, 1, 1, 0, 1, 0, 0, 1, 0, 1, 0, 0, 1, 0, 1, 0, 0, 1, 1, 0, 1, 1, 0, 0, 1, 1, 0, 1, 1, 0, 1, 1, 0, 0, 1, 1, 0, 1, 0, 0, 1, 1, 0, 1, 1, 0, 0, 1, 1, 0, 0, 1, 1, 0, 1, 0, 0, 1, 0, 1, 0, 1, 0, 0, 1, 0, 1, 0, 1, 0, 1, 1, 0, 1, 0, 0, 1, 0, 1, 0, 0, 1, 0, 0, 1, 1, 0, 1, 0, 1
 1, 0, 1, 0, 1, 0, 1, 1, 0, 1, 0, 1, 0, 1, 1, 0, 0, 1, 0, 1, 1, 0, 1, 0, 0, 1, 1, 0, 1, 0, 1, 1, 0, 1, 0, 1, 1, 0, 0, 1, 0, 0, 1, 1, 0, 0, 1, 0, 1, 1, 0, 0, 1, 1, 0, 1, 1, 0, 0, 1, 1, 0, 1, 0, 0, 1, 0, 1, 0, 1, 0, 1, 1, 0, 0, 1, 1, 0, 1, 0, 1, 0, 0, 1, 0, 0, 1, 0, 0, 1, 0, 0, 1, 0, 0, 1, 1, 0, 1, 0, 1, 1, 0, 0, 1, 0, 1, 0, 1, 0
 0, 1, 0, 1, 0, 1, 0, 0, 1, 0, 1, 0, 1, 0, 0, 1, 1, 0, 1, 0, 1, 0, 0, 1, 0, 1, 1, 0, 1, 1, 0, 0, 1, 0, 1, 1, 0, 1, 1, 0, 1, 1, 0, 0, 1, 1, 0, 1, 0, 0, 1, 1, 0, 1, 1, 0, 0, 1, 1, 0, 0, 1, 0, 1, 0, 1, 1, 0, 1, 0, 1, 0, 0, 1, 1, 0, 0, 1, 0, 1, 0, 0, 1, 0, 1, 1, 0, 1, 1, 0, 1, 0, 1, 0, 1, 0, 0, 1, 0, 1, 0, 0, 1, 1, 0, 0, 1, 0, 1, 0
 1, 0, 1, 0, 1, 0, 1, 0, 0, 1, 0, 0, 1, 1, 0, 1, 0, 0, 1, 1, 0, 1, 0, 0, 1, 0, 0, 1, 0, 1, 0, 1, 0, 1, 1, 0, 0, 1, 0, 1, 0, 1, 1, 0, 1, 1, 0, 0, 1, 1, 0, 1, 0, 0, 1, 1, 0, 0, 1, 0, 1, 0, 1, 0, 1, 0, 1, 0, 0, 1, 1, 0, 0, 1, 0, 0, 1, 1, 0, 0, 1, 1, 0, 1, 0, 1, 1, 0, 0, 1, 0, 1, 0, 1, 1, 0, 0, 1, 1, 0, 1, 1, 0, 0, 1, 1, 0, 1, 0, 1
 0, 1, 1, 0, 0, 1, 0, 1, 1, 0, 0, 1, 0, 0, 1, 0, 1, 1, 0, 1, 1, 0, 1, 0, 1, 0, 1, 1, 0, 0, 1, 0, 0, 1, 0, 0, 1, 0, 1, 0, 1, 0, 1, 1, 0, 0, 1, 0, 1, 0, 1, 0, 1, 1, 0, 0, 1, 1, 0, 1, 0, 0, 1, 1, 0, 1, 0, 1, 1, 0, 0, 1, 1, 0, 0, 1, 0, 0, 1, 0, 1, 0, 1, 1, 0, 0, 1, 0, 1, 1, 0, 0, 1, 0, 0, 1, 1, 0, 1, 1, 0, 0, 1, 0, 1, 0, 1, 0, 1, 1
 0, 1, 0, 1, 1, 0, 1, 0, 0, 1, 1, 0, 1, 0, 1, 0, 0, 1, 1, 0, 0, 1, 0, 1, 0, 1, 1, 0, 1, 1, 0, 1, 1, 0, 0, 1, 0, 1, 0, 1, 1, 0, 0, 1, 0, 0, 1, 1, 0, 1, 0, 1, 0, 1, 1, 0, 1, 0, 1, 1, 0, 1, 0, 0, 1, 0, 0, 1, 1, 0, 1, 1, 0, 0, 1, 1, 0, 1, 0, 1, 0, 1, 0, 0, 1, 1, 0, 1, 0, 0, 1, 0, 0, 1, 1, 0, 0, 1, 0, 1, 0, 0, 1, 1, 0, 1, 0, 1, 0, 0
 1, 0, 0, 1, 0, 1, 1, 0, 1, 1, 0, 0, 1, 1, 0, 1, 1, 0, 0, 1, 0, 0, 1, 0, 1, 1, 0, 1, 1, 0, 1, 0, 0, 1, 1, 0, 1, 0, 1, 0, 0, 1, 1, 0, 1, 1, 0, 0, 1, 1, 0, 1, 1, 0, 0, 1, 0, 1, 0, 0, 1, 0, 1, 0, 0, 1, 1, 0, 0, 1, 0, 0, 1, 1, 0, 0, 1, 0, 0, 1, 0, 0, 1, 0, 0, 1, 1, 0, 0, 1, 0, 1, 0, 1, 0, 0, 1, 0, 1, 0, 1, 1, 0, 1, 1, 0, 1, 1, 0, 1
 0, 0, 1, 0, 0, 1, 0, 1, 0, 0, 1, 1, 0, 1, 0, 1, 0, 1, 1, 0, 1, 1, 0, 1, 0, 0, 1, 0, 0, 1, 0, 0, 1, 0, 1, 1, 0, 0, 1, 1, 0, 0, 1, 0, 1, 0, 0, 1, 1, 0, 1, 0, 1, 0, 1, 1, 0, 1, 1, 0, 0, 1, 0, 1, 0, 0, 1, 0, 1, 1, 0, 1, 0, 1, 1, 0, 1, 0, 1, 0, 1, 1, 0, 1, 1, 0, 1, 0, 1, 0, 1, 0, 1, 0, 1, 1, 0, 1, 0, 1, 0, 0, 1, 0, 1, 1, 0, 0, 1, 0
 1, 1, 0, 1, 1, 0, 1, 0, 1, 1, 0, 1, 0, 0, 1, 0, 1, 0, 0, 1, 0, 1, 1, 0, 1, 0, 0, 1, 1, 0, 0, 1, 0, 1, 0, 0, 1, 1, 0, 0, 1, 0, 0, 1, 0, 1, 1, 0, 0, 1, 0, 1, 0, 1, 1, 0, 1, 0, 0, 1, 1, 0, 0, 1, 1, 0, 0, 1, 1, 0, 1, 1, 0, 0, 1, 1, 0, 1, 0, 1, 1, 0, 1, 0, 0, 1, 0, 1, 1, 0, 1, 1, 0, 1, 0, 1, 0, 1, 0, 0, 1, 0, 0, 1, 0, 0, 1, 0, 0, 1
 0, 1, 1, 0, 1, 0, 0, 1, 0, 0, 1, 0, 1, 0, 1, 0, 0, 1, 0, 0, 1, 0, 0, 1, 0, 1, 1, 0, 1, 0, 1, 1, 0, 0, 1, 1, 0, 1, 1, 0, 0, 1, 0, 1, 1, 0, 0, 1, 1, 0, 1, 1, 0, 1, 0, 0, 1, 1, 0, 1, 0, 1, 1, 0, 0, 1, 0, 1, 0, 1, 0, 0, 1, 1, 0, 0, 1, 0, 1, 1, 0, 1, 1, 0, 1, 1, 0, 1, 0, 1, 0, 0, 1, 1, 0, 0, 1, 0, 1, 0, 0, 1, 0, 1, 0, 1, 0, 1, 1, 0
 0, 0, 1, 1, 0, 1, 1, 0, 1, 1, 0, 1, 0, 1, 0, 1, 1, 0, 1, 1, 0, 1, 0, 0, 1, 0, 0, 1, 0, 1, 1, 0, 1, 1, 0, 0, 1, 0, 0, 1, 1, 0, 1, 0, 0, 1, 0, 0, 1, 0, 1, 0, 1, 0, 1, 1, 0, 0, 1, 0, 1, 1, 0, 0, 1, 0, 1, 0, 1, 1, 0, 0, 1, 0, 1, 1, 0, 1, 1, 0, 1, 1, 0, 1, 0, 0, 1, 0, 0, 1, 0, 1, 0, 0, 1, 0, 1, 0, 0, 1, 1, 0, 1, 0, 1, 0, 1, 1, 0, 0
 1, 1, 0, 0, 1, 0, 0, 1, 0, 1, 1, 0, 1, 0, 1, 0, 0, 1, 0, 1, 0, 0, 1, 1, 0, 0, 1, 1, 0, 1, 0, 0, 1, 1, 0, 1, 0, 0, 1, 0, 0, 1, 1, 0, 0, 1, 1, 0, 0, 1, 0, 0, 1, 0, 0, 1, 0, 1, 0, 1, 1, 0, 0, 1, 0, 1, 0, 1, 1, 0, 1, 1, 0, 1, 0, 0, 1, 1, 0, 1, 0, 0, 1, 0, 1, 1, 0, 1, 1, 0, 1, 0, 0, 1, 0, 1, 0, 1, 0, 1, 0, 1, 0, 1, 0, 1, 1, 0, 1, 1
 1, 1, 0, 1, 0, 1, 1, 0, 1, 0, 0, 1, 0, 1, 0, 1, 0, 1, 1, 0, 1, 0, 1, 0, 1, 1, 0, 0, 1, 0, 1, 1, 0, 0, 1, 1, 0, 1, 0, 1, 0, 1, 0, 1, 1, 0, 0, 1, 0, 1, 0, 1, 0, 1, 0, 0, 1, 0, 1, 0, 0, 1, 1, 0, 1, 0, 1, 1, 0, 1, 0, 0, 1, 0, 1, 0, 1, 0, 0, 1, 1, 0, 1, 1, 0, 0, 1, 0, 0, 1, 0, 1, 1, 0, 1, 0, 0, 1, 1, 0, 0, 1, 0, 0, 1, 1, 0, 1, 0, 0
 0, 0, 1, 1, 0, 1, 0, 0, 1, 1, 0, 0, 1, 0, 1, 0, 1, 0, 0, 1, 0, 1, 0, 1, 0, 1, 0, 1, 0, 1, 0, 0, 1, 1, 0, 0, 1, 0, 1, 0, 1, 0, 1, 1, 0, 1, 1, 0, 1, 0, 1, 0, 1, 0, 1, 1, 0, 1, 1, 0, 0, 1, 1, 0, 0, 1, 0, 0, 1, 0, 1, 0, 1, 0, 1, 1, 0, 1, 1, 0, 0, 1, 0, 0, 1, 1, 0, 1, 0, 0, 1, 1, 0, 1, 0, 0, 1, 0, 0, 1, 1, 0, 1, 1, 0, 0, 1, 0, 1, 1
 1, 1, 0, 0, 1, 0, 0, 1, 0, 0, 1, 1, 0, 1, 0, 1, 0, 1, 0, 0, 1, 0, 1, 1, 0, 0, 1, 0, 1, 0, 0, 1, 0, 1, 1, 0, 1, 1, 0, 1, 0, 1, 0, 0, 1, 0, 1, 1, 0, 1, 1, 0, 0, 1, 0, 1, 1, 0, 0, 1, 1, 0, 0, 1, 1, 0, 1, 1, 0, 0, 1, 1, 0, 1, 0, 0, 1, 0, 0, 1, 1, 0, 1, 1, 0, 0, 1, 0, 1, 0, 1, 0, 1, 0, 1, 1, 0, 0, 1, 0, 1, 0, 0, 1, 1, 0, 0, 1, 0, 1
 0, 1, 0, 1, 0, 0, 1, 1, 0, 0, 1, 0, 1, 0, 1, 0, 1, 0, 1, 1, 0, 1, 1, 0, 1, 1, 0, 0, 1, 0, 1, 0, 1, 0, 0, 1, 0, 0, 1, 0, 1, 0, 0, 1, 0, 1, 0, 1, 1, 0, 0, 1, 1, 0, 1, 0, 0, 1, 1, 0, 0, 1, 0, 0, 1, 1, 0, 1, 0, 1, 0, 1, 1, 0, 1, 0, 1, 1, 0, 1, 0, 0, 1, 0, 1, 1, 0, 0, 1, 1, 0, 1, 1, 0, 1, 0, 0, 1, 1, 0, 0, 1, 1, 0, 0, 1, 0, 1, 1, 0
 0, 0, 1, 0, 0, 1, 0, 0, 1, 1, 0, 1, 0, 0, 1, 0, 1, 0, 1, 0, 1, 0, 0, 1, 1, 0, 1, 1, 0, 1, 0, 1, 1, 0, 1, 0, 1, 1, 0, 1, 0, 0, 1, 0, 0, 1, 1, 0, 0, 1, 0, 1, 0, 1, 0, 1, 0, 1, 0, 1, 1, 0, 1, 1, 0, 1, 1, 0, 1, 0, 1, 0, 1, 1, 0, 1, 0, 0, 1, 0, 0, 1, 0, 0, 1, 0, 1, 1, 0, 0, 1, 1, 0, 1, 0, 0, 1, 0, 0, 1, 1, 0, 0, 1, 1, 0, 1, 0, 1, 1
 1, 1, 0, 1, 1, 0, 0, 1, 0, 1, 1, 0, 0, 1, 0, 1, 0, 1, 0, 1, 0, 1, 1, 0, 0, 1, 0, 1, 0, 0, 1, 0, 0, 1, 1, 0, 0, 1, 0, 0, 1, 1, 0, 0, 1, 0, 1, 0, 1, 0, 1, 0, 1, 0, 0, 1, 1, 0, 1, 0, 0, 1, 0, 1, 1, 0, 0, 1, 0, 1, 0, 1, 0, 0, 1, 1, 0, 1, 1, 0, 1, 0, 1, 1, 0, 1, 0, 1, 0, 1, 1, 0, 1, 0, 0, 1, 0, 1, 0, 1, 0, 1, 0, 1, 1, 0, 1, 1, 0, 0
 0, 1, 1, 0, 1, 0, 1, 0, 1, 0, 0, 1, 1, 0, 0, 1, 0, 0, 1, 0, 0, 1, 0, 0, 1, 0, 1, 0, 1, 1, 0, 1, 0, 1, 0, 1, 1, 0, 1, 0, 1, 1, 0, 1, 0, 1, 0, 1, 0, 1, 0, 1, 0, 1, 1, 0, 0, 1, 0, 1, 0, 1, 1, 0, 0, 1, 1, 0, 1, 0, 1, 1, 0, 0, 1, 0, 1, 0, 0, 1, 1, 0, 0, 1, 0, 0, 1, 0, 1, 1, 0, 0, 1, 0, 1, 1, 0, 1, 1, 0, 1, 0, 1, 0, 0, 1, 0, 0, 1, 1
 1, 0, 1, 0, 0, 1, 1, 0, 1, 0, 1, 1, 0, 1, 1, 0, 1, 1, 0, 1, 1, 0, 0, 1, 0, 1, 0, 1, 0, 0, 1, 0, 1, 0, 0, 1, 0, 0, 1, 1, 0, 0, 1, 1, 0, 0, 1, 0, 1, 0, 1, 1, 0, 0, 1, 0, 1, 0, 0, 1, 1, 0, 1, 0, 1, 1, 0, 1, 0, 1, 1, 0, 1, 1, 0, 1, 0, 1, 1, 0, 0, 1, 0, 0, 1, 1, 0, 0, 1, 0, 1, 1, 0, 1, 0, 0, 1, 0, 0, 1, 0, 1, 0, 0, 1, 0, 1, 0, 0, 1
 0, 1, 0, 1, 1, 0, 0, 1, 0, 1, 0, 0, 1, 1, 0, 1, 0, 1, 1, 0, 0, 1, 1, 0, 1, 0, 0, 1, 0, 1, 0, 1, 1, 0, 1, 0, 1, 1, 0, 0, 1, 1, 0, 0, 1, 1, 0, 1, 1, 0, 1, 0, 1, 1, 0, 1, 0, 1, 1, 0, 1, 1, 0, 1, 0, 0, 1, 0, 1, 0, 0, 1, 1, 0, 0, 1, 0, 0, 1, 0, 1, 0, 1, 0, 1, 1, 0, 1, 0, 0, 1, 0, 0, 1, 0, 0, 1, 1, 0, 0, 1, 1, 0, 1, 0, 1, 0, 1, 0, 0
 0, 1, 0, 0, 1, 0, 0, 1, 1, 0, 1, 1, 0, 0, 1, 0, 1, 0, 0, 1, 1, 0, 1, 0, 1, 0, 1, 0, 1, 0, 1, 0, 0, 1, 0, 1, 0, 0, 1, 1, 0, 1, 0, 0, 1, 1, 0, 1, 0, 1, 0, 0, 1, 1, 0, 1, 1, 0, 0, 1, 0, 0, 1, 0, 0, 1, 0, 1, 0, 1, 0, 1, 0, 1, 1, 0, 1, 1, 0, 1, 1, 0, 1, 1, 0, 0, 1, 0, 1, 1, 0, 0, 1, 0, 1, 1, 0, 0, 1, 1, 0, 0, 1, 0, 1, 1, 0, 0, 1, 1
 1, 0, 1, 1, 0, 1, 1, 0, 0, 1, 0, 1, 1, 0, 0, 1, 0, 1, 1, 0, 0, 1, 0, 1, 0, 1, 0, 0, 1, 1, 0, 1, 1, 0, 0, 1, 0, 1, 1, 0, 1, 0, 1, 1, 0, 0, 1, 0, 1, 0, 1, 1, 0, 0, 1, 0, 1, 0, 1, 1, 0, 1, 1, 0, 1, 0, 0, 1, 1, 0, 1, 0, 1, 0, 1, 0, 0, 1, 0, 1, 0, 1, 0, 1, 0, 1, 0, 1, 1, 0, 0, 1, 0, 1, 0, 0, 1, 1, 0, 0, 1, 0, 0, 1, 0, 0, 1, 1, 0, 0
 0, 0, 1, 0, 1, 0, 1, 0, 1, 0, 1, 0, 0, 1, 0, 1, 0, 1, 0, 1, 1, 0, 1, 0, 1, 1, 0, 1, 0, 0, 1, 0, 1, 0, 1, 0, 1, 0, 0, 1, 1, 0, 1, 0, 1, 0, 0, 1, 0, 1, 1, 0, 0, 1, 0, 1, 0, 1, 0, 0, 1, 1, 0, 1, 1, 0, 1, 0, 0, 1, 1, 0, 1, 0, 0, 1, 1, 0, 1, 0, 0, 1, 1, 0, 1, 0, 0, 1, 0, 0, 1, 0, 1, 0, 1, 1, 0, 1, 1, 0, 0, 1, 1, 0, 1, 0, 1, 0, 1, 1
 1, 1, 0, 1, 0, 1, 0, 1, 0, 1, 0, 0, 1, 0, 1, 0, 1, 0, 1, 1, 0, 1, 0, 1, 0, 0, 1, 0, 1, 0, 0, 1, 0, 1, 1, 0, 1, 0, 1, 0, 0, 1, 0, 1, 0, 1, 1, 0, 1, 1, 0, 0, 1, 0, 0, 1, 1, 0, 1, 1, 0, 0, 1, 1, 0, 1, 0, 1, 1, 0, 0, 1, 0, 1, 0, 1, 0, 1, 0, 1, 1, 0, 1, 0, 1, 0, 1, 0, 0, 1, 0, 1, 0, 1, 0, 0, 1, 0, 0, 1, 1, 0, 0, 1, 0, 1, 0, 1, 0, 1
 0, 1, 1, 0, 0, 1, 1, 0, 1, 0, 1, 1, 0, 0, 1, 1, 0, 1, 1, 0, 1, 1, 0, 0, 1, 1, 0, 1, 0, 1, 1, 0, 1, 0, 0, 1, 0, 1, 0, 1, 0, 0, 1, 0, 1, 0, 0, 1, 1, 0, 1, 1, 0, 1, 1, 0, 0, 1, 1, 0, 1, 0, 1, 0, 0, 1, 0, 0, 1, 1, 0, 1, 0, 0, 1, 0, 1, 0, 1, 0, 1, 0, 0, 1, 0, 1, 0, 1, 1, 0, 1, 0, 1, 0, 1, 1, 0, 0, 1, 0, 1, 0, 0, 1, 0, 0, 1, 0, 1, 0
 1, 0, 0, 1, 1, 0, 0, 1, 0, 1, 1, 0, 0, 1, 0, 1, 0, 1, 0, 1, 1, 0, 1, 1, 0, 0, 1, 0, 0, 1, 0, 1, 0, 1, 1, 0, 0, 1, 0, 1, 1, 0, 0, 1, 0, 1, 0, 1, 0, 1, 0, 0, 1, 0, 1, 0, 0, 1, 0, 1, 0, 1, 0, 0, 1, 0, 1, 1, 0, 1, 1, 0, 1, 1, 0, 1, 0, 1, 0, 1, 0, 1, 1, 0, 0, 1, 1, 0, 0, 1, 0, 1, 0, 1, 0, 1, 0, 1, 0, 1, 0, 1, 1, 0, 1, 1, 0, 0, 1, 0
 0, 1, 1, 0, 0, 1, 1, 0, 1, 1, 0, 0, 1, 0, 1, 0, 1, 0, 1, 0, 0, 1, 0, 1, 0, 1, 0, 1, 1, 0, 1, 0, 1, 0, 0, 1, 1, 0, 1, 0, 0, 1, 0, 1, 0, 0, 1, 0, 1, 0, 0, 1, 0, 1, 0, 1, 1, 0, 1, 1, 0, 1, 0, 1, 0, 0, 1, 0, 1, 0, 1, 0, 1, 0, 0, 1, 1, 0, 0, 1, 0, 1, 0, 1, 1, 0, 0, 1, 1, 0, 0, 1, 1, 0, 1, 0, 1, 1, 0, 1, 1, 0, 0, 1, 0, 0, 1, 1, 0, 1
 0, 0, 1, 1, 0, 0, 1, 1, 0, 0, 1, 1, 0, 1, 0, 1, 1, 0, 0, 1, 0, 1, 1, 0, 1, 0, 1, 0, 1, 0, 0, 1, 0, 1, 1, 0, 1, 0, 0, 1, 0, 1, 1, 0, 1, 1, 0, 1, 0, 1, 1, 0, 1, 0, 1, 0, 0, 1, 1, 0, 1, 0, 1, 0, 1, 1, 0, 1, 1, 0, 0, 1, 0, 1, 1, 0, 0, 1, 1, 0, 1, 0, 1, 0, 0, 1, 1, 0, 0, 1, 1, 0, 0, 1, 0, 0, 1, 0, 1, 0, 0, 1, 1, 0, 1, 0, 0, 1, 0, 0
 1, 1, 0, 0, 1, 1, 0, 1, 1, 0, 1, 0, 1, 0, 1, 0, 0, 1, 0, 0, 1, 0, 1, 1, 0, 1, 0, 1, 0, 1, 0, 0, 1, 0, 0, 1, 0, 1, 0, 0, 1, 0, 0, 1, 1, 0, 0, 1, 0, 1, 1, 0, 1, 1, 0, 1, 0, 1, 0, 1, 0, 0, 1, 0, 0, 1, 1, 0, 0, 1, 0, 0, 1, 1, 0, 0, 1, 0, 1, 0, 0, 1, 1, 0, 0, 1, 1, 0, 1, 0, 1, 0, 1, 0, 1, 1, 0, 1, 0, 0, 1, 1, 0, 1, 0, 1, 1, 0, 1, 1
 1, 1, 0, 0, 1, 0, 1, 0, 1, 1, 0, 1, 0, 0, 1, 1, 0, 0, 1, 0, 0, 1, 0, 0, 1, 0, 1, 1, 0, 1, 1, 0, 1, 0, 1, 0, 1, 0, 1, 0, 0, 1, 1, 0, 0, 1, 1, 0, 1, 0, 0, 1, 0, 0, 1, 0, 1, 0, 1, 0, 1, 1, 0, 1, 1, 0, 1, 1, 0, 0, 1, 1, 0, 0, 1, 1, 0, 1, 0, 1, 1, 0, 0, 1, 1, 0, 0, 1, 0, 1, 0, 1, 0, 1, 0, 1, 1, 0, 0, 1, 0, 0, 1, 1, 0, 0, 1, 1, 0, 0
 0, 0, 1, 1, 0, 0, 1, 0, 0, 1, 0, 0, 1, 1, 0, 0, 1, 1, 0, 1, 1, 0, 0, 1, 0, 1, 1, 0, 1, 0, 0, 1, 0, 1, 1, 0, 0, 1, 0, 1, 1, 0, 1, 0, 1, 1, 0, 1, 0, 1, 0, 1, 0, 1, 0, 0, 1, 1, 0, 1, 0, 1, 1, 0, 1, 1, 0, 0, 1, 0, 1, 0, 0, 1, 0, 0, 1, 1, 0, 0, 1, 1, 0, 0, 1, 0, 1, 0, 1, 0, 1, 0, 1, 1, 0, 0, 1, 0, 1, 0, 1, 0, 1, 0, 1, 1, 0, 0, 1, 1
 0, 0, 1, 1, 0, 1, 0, 1, 1, 0, 1, 0, 0, 1, 0, 1, 0, 1, 0, 1, 0, 0, 1, 0, 1, 1, 0, 1, 1, 0, 1, 0, 1, 0, 0, 1, 1, 0, 1, 0, 0, 1, 0, 1, 1, 0, 1, 0, 0, 1, 1, 0, 1, 0, 0, 1, 0, 1, 1, 0, 1, 0, 1, 1, 0, 1, 0, 1, 0, 1, 0, 0, 1, 0, 0, 1, 0, 0, 1, 1, 0, 1, 1, 0, 0, 1, 0, 1, 0, 0, 1, 0, 1, 0, 1, 1, 0, 1, 0, 1, 0, 1, 0, 1, 0, 1, 0, 1, 1, 0
 1, 1, 0, 0, 1, 0, 1, 0, 1, 0, 0, 1, 1, 0, 1, 0, 1, 0, 1, 0, 1, 1, 0, 1, 1, 0, 0, 1, 0, 1, 1, 0, 1, 1, 0, 0, 1, 1, 0, 1, 1, 0, 1, 0, 0, 1, 0, 0, 1, 0, 0, 1, 0, 1, 1, 0, 1, 0, 0, 1, 1, 0, 0, 1, 1, 0, 1, 1, 0, 0, 1, 1, 0, 0, 1, 0, 0, 1, 0, 0, 1, 0, 1, 1, 0, 1, 0, 0, 1, 1, 0, 1, 0, 0, 1, 0, 0, 1, 1, 0, 1, 0, 1, 0, 1, 0, 1, 0, 0, 1
 0, 1, 1, 0, 1, 1, 0, 1, 0, 1, 1, 0, 0, 1, 0, 1, 1, 0, 1, 1, 0, 1, 0, 1, 0, 1, 1, 0, 1, 0, 0, 1, 0, 0, 1, 0, 0, 1, 0, 0, 1, 0, 0, 1, 0, 0, 1, 1, 0, 1, 1, 0, 0, 1, 1, 0, 0, 1, 1, 0, 0, 1, 0, 0, 1, 1, 0, 0, 1, 1, 0, 0, 1, 1, 0, 1, 1, 0, 1, 1, 0, 1, 0, 0, 1, 0, 1, 1, 0, 1, 0, 1, 0, 1, 0, 0, 1, 0, 0, 1, 0, 0, 1, 1, 0, 1, 0, 1, 1, 0
 1, 0, 0, 1, 0, 1, 0, 0, 1, 0, 0, 1, 0, 0, 1, 0, 0, 1, 0, 0, 1, 0, 1, 0, 1, 0, 1, 0, 0, 1, 0, 1, 0, 1, 0, 1, 1, 0, 1, 1, 0, 1, 1, 0, 1, 1, 0, 0, 1, 0, 1, 0, 1, 0, 0, 1, 1, 0, 1, 1, 0, 0, 1, 0, 0, 1, 1, 0, 1, 0, 0, 1, 0, 1, 1, 0, 0, 1, 0, 1, 1, 0, 0, 1, 1, 0, 1, 0, 1, 0, 1, 0, 1, 0, 1, 1, 0, 1, 1, 0, 1, 1, 0, 0, 1, 1, 0, 1, 0, 1
 1, 1, 0, 0, 1, 0, 1, 0, 0, 1, 0, 0, 1, 1, 0, 1, 1, 0, 0, 1, 1, 0, 0, 1, 0, 1, 0, 1, 0, 0, 1, 0, 1, 0, 0, 1, 1, 0, 0, 1, 0, 1, 0, 1, 1, 0, 0, 1, 1, 0, 0, 1, 0, 1, 0, 1, 0, 1, 0, 1, 1, 0, 0, 1, 1, 0, 0, 1, 0, 1, 1, 0, 1, 0, 1, 1, 0, 0, 1, 0, 1, 0, 1, 1, 0, 1, 0, 0, 1, 0, 1, 1, 0, 1, 0, 1, 1, 0, 1, 1, 0, 1, 0, 1, 0, 0, 1, 0, 1, 0
 0, 0, 1, 1, 0, 0, 1, 1, 0, 0, 1, 1, 0, 0, 1, 0, 1, 0, 1, 0, 0, 1, 1, 0, 0, 1, 0, 1, 1, 0, 1, 0, 0, 1, 1, 0, 0, 1, 1, 0, 1, 0, 1, 0, 0, 1, 1, 0, 0, 1, 1, 0, 1, 0, 1, 0, 1, 0, 1, 0, 0, 1, 1, 0, 1, 0, 1, 0, 1, 1, 0, 1, 1, 0, 0, 1, 1, 0, 1, 0, 0, 1, 1, 0, 1, 0, 0, 1, 0, 1, 0, 1, 1, 0, 1, 0, 0, 1, 0, 1, 1, 0, 1, 1, 0, 1, 0, 0, 1, 0
 0, 0, 1, 0, 0, 1, 0, 0, 1, 1, 0, 1, 1, 0, 0, 1, 0, 1, 1, 0, 0, 1, 1, 0, 1, 0, 1, 0, 0, 1, 0, 1, 1, 0, 1, 0, 1, 1, 0, 1, 0, 1, 0, 1, 0, 0, 1, 0, 1, 0, 0, 1, 0, 1, 0, 1, 0, 1, 0, 1, 1, 0, 1, 1, 0, 1, 1, 0, 1, 0, 1, 0, 0, 1, 1, 0, 0, 1, 0, 1, 0, 1, 0, 1, 0, 0, 1, 0, 1, 1, 0, 0, 1, 0, 1, 0, 0, 1, 1, 0, 0, 1, 1, 0, 1, 1, 0, 1, 0, 1
 1, 1, 0, 0, 1, 1, 0, 0, 1, 1, 0, 0, 1, 1, 0, 1, 1, 0, 0, 1, 1, 0, 0, 1, 0, 1, 0, 1, 0, 1, 0, 1, 0, 1, 0, 1, 1, 0, 0, 1, 1, 0, 1, 0, 1, 0, 0, 1, 1, 0, 1, 1, 0, 0, 1, 0, 0, 1, 0, 1, 0, 1, 0, 0, 1, 1, 0, 1, 0, 1, 0, 0, 1, 0, 0, 1, 0, 1, 1, 0, 1, 0, 1, 0, 1, 1, 0, 1, 0, 0, 1, 0, 0, 1, 0, 1, 1, 0, 1, 0, 0, 1, 0, 1, 0, 0, 1, 0, 1, 1
 1, 0, 0, 1, 1, 0, 1, 1, 0, 0, 1, 1, 0, 0, 1, 0, 1, 1, 0, 0, 1, 1, 0, 1, 1, 0, 1, 0, 1, 0, 1, 0, 1, 0, 1, 0, 0, 1, 1, 0, 0, 1, 0, 1, 0, 1, 0, 1, 0, 1, 0, 0, 1, 1, 0, 0, 1, 0, 1, 0, 1, 0, 1, 1, 0, 0, 1, 0, 0, 1, 0, 1, 0, 1, 0, 1, 1, 0, 0, 1, 0, 1, 0, 0, 1, 0, 1, 1, 0, 1, 0, 1, 1, 0, 0, 1, 0, 1, 0, 1, 1, 0, 1, 0, 1, 0, 1, 1, 0, 0
 0, 1, 1, 0, 0, 1, 0, 1, 0, 1, 1, 0, 1, 1, 0, 1, 0, 0, 1, 1, 0, 0, 1, 0, 0, 1, 0, 1, 0, 1, 1, 0, 0, 1, 1, 0, 1, 1, 0, 0, 1, 0, 0, 1, 1, 0, 1, 0, 1, 0, 1, 1, 0, 0, 1, 1, 0, 0, 1, 0, 0, 1, 0, 0, 1, 1, 0, 1, 1, 0, 1, 0, 1, 0, 1, 0, 1, 0, 1, 0, 1, 0, 1, 1, 0, 1, 0, 0, 1, 0, 1, 0, 1, 0, 1, 0, 1, 1, 0, 0, 1, 0, 0, 1, 0, 1, 0, 0, 1, 1
 1, 0, 0, 1, 1, 0, 1, 0, 1, 0, 0, 1, 1, 0, 1, 0, 1, 0, 1, 0, 1, 0, 1, 1, 0, 0, 1, 0, 1, 0, 0, 1, 1, 0, 0, 1, 1, 0, 1, 1, 0, 1, 1, 0, 0, 1, 0, 1, 1, 0, 0, 1, 1, 0, 1, 0, 1, 1, 0, 1, 1, 0, 0, 1, 0, 0, 1, 1, 0, 0, 1, 1, 0, 1, 0, 1, 0, 1, 0, 0, 1, 0, 0, 1, 0, 0, 1, 0, 1, 0, 0, 1, 0, 1, 1, 0, 1, 0, 1, 0, 0, 1, 1, 0, 1, 1, 0, 0, 1, 0
 1, 0, 0, 1, 1, 0, 1, 0, 0, 1, 0, 1, 0, 1, 0, 0, 1, 1, 0, 0, 1, 1, 0, 1, 1, 0, 0, 1, 0, 1, 0, 1, 1, 0, 1, 1, 0, 1, 1, 0, 1, 0, 0, 1, 1, 0, 0, 1, 0, 1, 1, 0, 1, 1, 0, 0, 1, 0, 0, 1, 0, 1, 1, 0, 1, 0, 1, 0, 0, 1, 0, 1, 0, 1, 1, 0, 1, 1, 0, 1, 0, 1, 0, 0, 1, 0, 0, 1, 0, 1, 0, 0, 1, 0, 0, 1, 0, 0, 1, 1, 0, 0, 1, 1, 0, 0, 1, 1, 0, 1

 ■ ■ □ ■ □ □ ■ □ ■ ■ □ ■ ■ □ □ ■ ■ □ □ ■ ■ □ ■ □ ■ □ □ ■ ■ □ □ ■ □ ■ □ □ ■ ■ □ □ ■ ■ □ ■ □ □ ■ □ ■ ■ □ ■ □ ■ □ □ ■ ■ □ ■ □ ■ □ ■ ■ □ ■ □ □ ■ ■ □ ■ □ □ ■ ■ □ ■ □ □ ■ □ ■ □ □ ■ □ ■ ■ □ □ ■ ■ □ ■ □ ■ ■ □ ■ □ □ ■ ■ □ □ ■ □ □
 ■ ■ □ □ ■ □ ■ ■ □ ■ □ ■ □ ■ ■ □ □ ■ □ ■ □ □ ■ □ □ ■ ■ □ □ ■ ■ □ ■ □ □ ■ ■ □ ■ ■ □ ■ ■ □ □ ■ □ ■ □ ■ ■ □ □ ■ ■ □ ■ □ □ ■ □ □ ■ □ □ ■ ■ □ ■ □ □ ■ □ □ ■ ■ □ ■ □ ■ ■ □ ■ □ □ ■ □ ■ □ ■ □ ■ □ □ ■ □ □ ■ □ ■ □ ■ ■ □ ■ ■ □ ■ ■ □
 □ □ ■ □ ■ ■ □ □ ■ □ ■ □ ■ □ □ ■ ■ □ ■ □ ■ ■ □ ■ ■ □ □ ■ □ ■ ■ □ □ ■ ■ □ □ ■ ■ □ ■ □ ■ □ ■ □ □ ■ ■ □ □ ■ ■ □ ■ ■ □ □ ■ □ ■ □ ■ □ ■ □ □ ■ □ □ ■ □ □ ■ ■ □ ■ □ □ ■ □ ■ ■ □ ■ □ ■ ■ □ □ ■ □ ■ ■ □ □ ■ □ ■ □ ■ □ ■ □ □ ■ ■ □ ■ ■
 ■ □ ■ ■ □ ■ ■ □ ■ □ ■ ■ □ ■ □ ■ □ ■ □ ■ □ □ ■ □ □ ■ □ □ ■ □ □ ■ □ ■ □ □ ■ ■ □ ■ ■ □ □ ■ □ ■ ■ □ ■ □ ■ ■ □ ■ □ □ ■ ■ □ ■ □ ■ □ ■ □ □ ■ ■ □ ■ □ ■ ■ □ □ ■ □ ■ ■ □ ■ □ □ ■ □ ■ □ □ ■ □ ■ ■ □ □ ■ ■ □ ■ ■ □ □ ■ □ ■ □ □ ■ □ □ ■
 ■ ■ □ □ ■ □ ■ ■ □ ■ □ ■ □ □ ■ □ □ ■ ■ □ ■ ■ □ □ ■ □ ■ □ □ ■ □ ■ ■ □ ■ ■ □ □ ■ □ □ ■ □ □ ■ ■ □ ■ □ ■ □ □ ■ □ ■ □ □ ■ ■ □ ■ ■ □ ■ □ ■ □ □ ■ □ ■ □ □ ■ □ □ ■ ■ □ ■ ■ □ ■ ■ □ ■ ■ □ ■ ■ □ □ ■ □ ■ □ □ ■ □ ■ ■ □ □ ■ ■ □ □ ■ ■ □
 □ ■ ■ □ □ ■ □ □ ■ ■ □ □ ■ ■ □ □ ■ □ □ ■ □ ■ □ ■ ■ □ □ ■ ■ □ ■ □ ■ ■ □ ■ ■ □ □ ■ □ □ ■ ■ □ □ ■ □ □ ■ □ ■ ■ □ □ ■ ■ □ ■ ■ □ □ ■ □ ■ ■ □ ■ □ ■ □ ■ ■ □ ■ ■ □ □ ■ □ □ ■ ■ □ ■ □ ■ ■ □ ■ ■ □ ■ ■ □ □ ■ □ □ ■ □ □ ■ □ □ ■ □ ■ □ ■
 ■ □ □ ■ ■ □ □ ■ ■ □ ■ ■ □ □ ■ ■ □ ■ □ ■ ■ □ ■ □ □ ■ □ ■ ■ □ □ ■ □ ■ ■ □ □ ■ ■ □ ■ □ ■ ■ □ ■ □ ■ ■ □ ■ ■ □ ■ □ □ ■ ■ □ ■ □ ■ □ □ ■ □ ■ □ ■ ■ □ □ ■ □ ■ □ □ ■ □ ■ □ ■ □ □ ■ ■ □ □ ■ □ □ ■ □ □ ■ ■ □ ■ ■ □ □ ■ □ □ ■ □ ■ □ ■ □
 □ ■ ■ □ □ ■ ■ □ □ ■ ■ □ ■ □ ■ □ ■ □ ■ □ ■ ■ □ ■ □ ■ ■ □ □ ■ □ □ ■ □ ■ □ ■ □ □ ■ □ ■ □ □ ■ □ ■ □ □ ■ ■ □ ■ □ ■ ■ □ ■ ■ □ ■ □ ■ ■ □ ■ □ ■ □ □ ■ ■ □ ■ □ □ ■ □ □ ■ ■ □ □ ■ □ □ ■ ■ □ ■ □ □ ■ ■ □ □ ■ □ □ ■ ■ □ ■ ■ □ □ ■ □ ■ ■
 □ □ ■ ■ □ ■ □ ■ □ ■ □ ■ □ ■ □ □ ■ ■ □ ■ □ ■ □ ■ ■ □ ■ □ ■ □ ■ □ ■ □ □ ■ □ ■ □ ■ □ ■ ■ □ □ ■ □ □ ■ □ □ ■ □ ■ □ ■ ■ □ □ ■ □ □ ■ □ ■ □ □ ■ ■ □ □ ■ ■ □ ■ ■ □ ■ ■ □ ■ □ ■ □ ■ ■ □ □ ■ □ ■ ■ □ ■ ■ □ □ ■ □ □ ■ □ ■ ■ □ ■ □ ■ □ ■
 ■ ■ □ □ ■ □ ■ □ ■ □ □ ■ ■ □ ■ ■ □ □ ■ □ ■ □ ■ □ ■ □ □ ■ □ □ ■ ■ □ ■ ■ □ □ ■ ■ □ ■ □ □ ■ ■ □ □ ■ ■ □ ■ ■ □ □ ■ □ □ ■ □ □ ■ ■ □ ■ ■ □ ■ □ □ ■ ■ □ ■ □ ■ □ ■ □ ■ ■ □ ■ □ ■ □ ■ □ ■ □ ■ ■ □ ■ □ □ ■ □ □ ■ ■ □ ■ □ □ ■ ■ □ ■ □ □
 ■ □ □ ■ ■ □ □ ■ □ ■ ■ □ □ ■ □ ■ □ ■ ■ □ □ ■ □ ■ □ ■ ■ □ ■ ■ □ □ ■ □ □ ■ ■ □ ■ ■ □ □ ■ □ ■ □ ■ □ □ ■ ■ □ ■ ■ □ □ ■ □ ■ □ ■ □ ■ ■ □ ■ □ ■ □ □ ■ □ □ ■ □ ■ □ ■ □ ■ □ □ ■ ■ □ □ ■ □ ■ □ □ ■ ■ □ ■ □ ■ □ ■ ■ □ □ ■ □ ■ □ ■ □ ■ ■
 □ ■ ■ □ □ ■ □ ■ ■ □ ■ □ □ ■ ■ □ ■ ■ □ ■ □ ■ □ □ ■ □ ■ ■ □ ■ ■ □ □ ■ □ ■ ■ □ □ ■ □ ■ □ ■ □ ■ ■ □ ■ □ □ ■ ■ □ □ ■ □ ■ □ ■ □ □ ■ □ ■ □ ■ □ ■ ■ □ ■ ■ □ ■ □ □ ■ ■ □ ■ ■ □ □ ■ □ □ ■ □ □ ■ ■ □ ■ □ ■ □ ■ □ □ ■ □ □ ■ □ ■ □ ■ ■ □
 ■ □ □ ■ □ □ ■ □ □ ■ □ ■ ■ □ □ ■ ■ □ ■ □ ■ □ ■ □ ■ ■ □ □ ■ □ □ ■ ■ □ ■ □ □ ■ ■ □ ■ □ ■ □ ■ □ □ ■ □ ■ □ ■ □ ■ ■ □ □ ■ ■ □ □ ■ □ ■ □ □ ■ ■ □ ■ □ □ ■ □ □ ■ ■ □ ■ ■ □ □ ■ ■ □ ■ ■ □ ■ ■ □ □ ■ □ ■ □ ■ □ ■ □ ■ ■ □ ■ ■ □ ■ ■ □ □
 □ □ ■ □ ■ □ ■ □ ■ □ ■ □ □ ■ ■ □ □ ■ □ □ ■ □ ■ ■ □ ■ □ ■ □ ■ □ ■ □ ■ ■ □ □ ■ □ ■ □ ■ □ □ ■ □ □ ■ □ ■ ■ □ □ ■ ■ □ ■ □ □ ■ ■ □ ■ ■ □ ■ □ ■ □ □ ■ ■ □ ■ ■ □ ■ □ □ ■ ■ □ ■ □ ■ □ ■ □ ■ ■ □ □ ■ □ □ ■ □ □ ■ ■ □ ■ ■ □ ■ ■ □ □ ■ ■
 □ ■ □ ■ □ ■ □ ■ □ ■ □ ■ □ □ ■ □ ■ □ ■ ■ □ ■ □ ■ □ □ ■ □ ■ □ ■ □ ■ □ □ ■ ■ □ ■ ■ □ □ ■ ■ □ ■ ■ □ ■ □ ■ □ ■ □ □ ■ □ ■ ■ □ □ ■ □ □ ■ □ ■ □ ■ □ ■ ■ □ □ ■ ■ □ ■ ■ □ □ ■ □ ■ □ ■ □ ■ □ □ ■ ■ □ ■ □ □ ■ ■ □ □ ■ □ ■ ■ □ □ ■ ■ □ ■
 ■ ■ □ ■ □ ■ □ ■ ■ □ ■ □ ■ □ □ ■ ■ □ ■ □ ■ □ ■ □ ■ □ ■ ■ □ ■ □ □ ■ ■ □ □ ■ ■ □ □ ■ □ □ ■ □ ■ □ ■ □ ■ □ ■ ■ □ ■ ■ □ ■ □ ■ ■ □ ■ ■ □ □ ■ □ ■ ■ □ □ ■ ■ □ □ ■ □ □ ■ □ □ ■ ■ □ □ ■ □ □ ■ □ □ ■ □ ■ □ ■ ■ □ ■ □ ■ □ ■ □ ■ □ □ ■ □
 ■ □ ■ □ ■ □ ■ □ □ ■ □ ■ □ ■ □ ■ □ ■ □ ■ □ ■ ■ □ ■ ■ □ ■ □ ■ □ ■ □ □ ■ ■ □ ■ ■ □ □ ■ □ □ ■ □ ■ □ ■ □ □ ■ □ ■ ■ □ ■ □ ■ ■ □ ■ □ □ ■ ■ □ ■ □ □ ■ □ ■ □ □ ■ ■ □ □ ■ ■ □ ■ □ ■ ■ □ □ ■ □ ■ ■ □ ■ □ ■ □ □ ■ ■ □ ■ □ □ ■ □ □ ■ □ ■
 □ ■ □ □ ■ □ ■ ■ □ □ ■ □ □ ■ ■ □ ■ ■ □ ■ ■ □ □ ■ □ □ ■ □ ■ □ ■ □ ■ ■ □ ■ ■ □ □ ■ ■ □ ■ ■ □ ■ □ ■ □ □ ■ □ □ ■ □ ■ □ □ ■ □ ■ ■ □ □ ■ □ ■ □ ■ □ □ ■ □ □ ■ ■ □ ■ ■ □ □ ■ □ □ ■ ■ □ ■ □ □ ■ ■ □ □ ■ ■ □ ■ ■ □ ■ □ ■ ■ □ ■ ■ □ □ ■
 ■ □ ■ ■ □ ■ □ □ ■ ■ □ ■ ■ □ □ ■ ■ □ ■ □ ■ □ □ ■ ■ □ ■ ■ □ ■ □ ■ □ □ ■ □ □ ■ ■ □ □ ■ □ □ ■ ■ □ □ ■ ■ □ □ ■ □ □ ■ □ ■ □ ■ □ □ ■ ■ □ ■ ■ □ ■ ■ □ □ ■ ■ □ □ ■ □ □ ■ ■ □ ■ ■ □ □ ■ □ ■ ■ □ □ ■ □ ■ □ ■ □ □ ■ □ □ ■ ■ □ ■ □ ■ ■ □
 □ ■ □ ■ ■ □ ■ □ □ ■ ■ □ ■ □ □ ■ □ ■ ■ □ □ ■ ■ □ □ ■ □ □ ■ □ ■ □ ■ ■ □ □ ■ ■ □ □ ■ ■ □ ■ □ □ ■ □ ■ □ ■ ■ □ ■ ■ □ ■ ■ □ □ ■ □ ■ □ ■ ■ □ ■ □ ■ ■ □ □ ■ □ □ ■ □ ■ □ □ ■ ■ □ ■ □ ■ □ □ ■ □ □ ■ ■ □ ■ □ ■ □ □ ■ ■ □ □ ■ □ ■ □ ■ ■
 □ ■ □ □ ■ ■ □ ■ ■ □ ■ □ □ ■ ■ □ ■ □ □ ■ □ ■ □ ■ □ ■ ■ □ ■ □ ■ □ ■ ■ □ ■ □ □ ■ ■ □ □ ■ □ ■ □ □ ■ □ ■ □ ■ ■ □ ■ ■ □ □ ■ □ □ ■ □ □ ■ □ ■ □ ■ □ ■ ■ □ □ ■ ■ □ ■ □ □ ■ ■ □ ■ □ ■ □ ■ □ □ ■ ■ □ □ ■ ■ □ ■ ■ □ □ ■ ■ □ ■ □ ■ □ □ ■
 ■ □ ■ ■ □ ■ ■ □ □ ■ □ ■ □ ■ □ ■ ■ □ ■ □ ■ □ ■ □ ■ □ □ ■ □ ■ □ ■ □ □ ■ □ ■ □ ■ □ ■ □ □ ■ □ ■ □ ■ □ ■ ■ □ ■ ■ □ □ ■ ■ □ ■ □ ■ □ ■ □ ■ □ □ ■ ■ □ □ ■ ■ □ □ ■ ■ □ ■ □ □ ■ □ ■ ■ □ □ ■ □ □ ■ □ ■ □ □ ■ □ □ ■ ■ □ ■ ■ □ ■ □ ■ ■ □
 □ ■ □ □ ■ □ □ ■ □ □ ■ □ ■ □ ■ ■ □ ■ □ ■ ■ □ ■ ■ □ □ ■ ■ □ □ ■ ■ □ □ ■ □ □ ■ □ ■ □ ■ ■ □ ■ □ ■ □ ■ □ □ ■ □ ■ □ ■ ■ □ ■ □ ■ □ ■ □ ■ □ ■ ■ □ □ ■ □ ■ □ □ ■ ■ □ ■ □ ■ ■ □ ■ □ □ ■ ■ □ ■ □ □ ■ □ ■ ■ □ ■ ■ □ □ ■ □ ■ ■ □ ■ □ ■ □
 □ ■ ■ □ ■ □ ■ □ ■ □ □ ■ □ □ ■ □ □ ■ □ ■ □ ■ □ ■ □ ■ □ □ ■ ■ □ □ ■ ■ □ ■ ■ □ □ ■ ■ □ □ ■ □ ■ □ □ ■ ■ □ ■ ■ □ ■ ■ □ ■ □ ■ □ ■ ■ □ ■ ■ □ □ ■ □ ■ ■ □ □ ■ ■ □ ■ □ ■ □ □ ■ □ □ ■ □ ■ □ ■ ■ □ ■ □ □ ■ ■ □ ■ ■ □ □ ■ □ □ ■ ■ □ □ ■
 ■ □ □ ■ □ ■ □ ■ □ ■ ■ □ □ ■ □ □ ■ □ ■ □ ■ □ ■ □ ■ □ ■ □ ■ □ ■ ■ □ □ ■ □ ■ □ ■ □ ■ □ ■ ■ □ □ ■ ■ □ □ ■ □ ■ ■ □ □ ■ □ ■ □ ■ ■ □ ■ □ ■ ■ □ ■ ■ □ □ ■ ■ □ □ ■ □ ■ □ □ ■ □ □ ■ ■ □ □ ■ □ ■ ■ □ ■ ■ □ ■ ■ □ ■ ■ □ □ ■ □ ■ □ ■ □ □
 □ □ ■ ■ □ □ ■ ■ □ □ ■ □ ■ □ ■ ■ □ □ ■ ■ □ ■ □ ■ □ ■ □ ■ □ ■ □ □ ■ ■ □ ■ □ ■ ■ □ □ ■ □ □ ■ ■ □ □ ■ ■ □ ■ □ □ ■ □ □ ■ □ □ ■ □ ■ □ ■ □ ■ ■ □ ■ ■ □ □ ■ ■ □ □ ■ □ ■ ■ □ □ ■ ■ □ ■ □ □ ■ □ □ ■ □ ■ ■ □ □ ■ □ ■ ■ □ ■ ■ □ ■ □ ■ ■
 □ ■ □ □ ■ □ ■ □ ■ ■ □ ■ ■ □ □ ■ □ ■ □ □ ■ □ ■ ■ □ ■ □ ■ □ □ ■ ■ □ □ ■ □ ■ □ □ ■ □ □ ■ ■ □ ■ □ ■ ■ □ ■ □ ■ □ ■ ■ □ ■ □ ■ □ ■ □ □ ■ ■ □ ■ ■ □ □ ■ ■ □ □ ■ ■ □ ■ □ ■ □ ■ ■ □ □ ■ ■ □ ■ ■ □ ■ ■ □ □ ■ □ □ ■ □ □ ■ □ □ ■ □ ■ □ ■
 ■ □ ■ □ ■ ■ □ ■ □ □ ■ ■ □ ■ ■ □ ■ ■ □ ■ □ ■ □ □ ■ □ ■ □ ■ □ □ ■ □ ■ □ ■ □ ■ ■ □ ■ □ ■ □ ■ □ ■ ■ □ ■ □ □ ■ ■ □ □ ■ □ ■ □ ■ □ □ ■ □ □ ■ □ ■ ■ □ ■ □ □ ■ □ □ ■ □ ■ □ ■ ■ □ ■ ■ □ □ ■ □ ■ ■ □ ■ □ □ ■ ■ □ □ ■ □ ■ □ ■ □ ■ ■ □ □
 ■ □ □ ■ □ □ ■ ■ □ ■ □ □ ■ □ ■ ■ □ □ ■ □ □ ■ □ ■ □ ■ ■ □ □ ■ ■ □ ■ □ ■ ■ □ ■ □ □ ■ ■ □ □ ■ ■ □ □ ■ ■ □ ■ □ □ ■ ■ □ □ ■ ■ □ □ ■ □ ■ ■ □ ■ □ ■ ■ □ ■ ■ □ ■ □ □ ■ □ ■ □ □ ■ ■ □ □ ■ ■ □ □ ■ □ □ ■ ■ □ □ ■ ■ □ ■ □ ■ □ ■ □ □ ■ ■
 □ ■ ■ □ ■ □ ■ □ ■ ■ □ ■ □ ■ □ ■ □ ■ ■ □ ■ □ ■ □ ■ □ □ ■ ■ □ □ ■ □ □ ■ □ ■ □ ■ ■ □ □ ■ ■ □ ■ □ ■ ■ □ ■ □ ■ ■ □ ■ □ ■ □ ■ □ ■ □ □ ■ ■ □ ■ ■ □ ■ □ □ ■ ■ □ ■ □ ■ □ □ ■ □ ■ □ □ ■ □ □ ■ □ □ ■ ■ □ □ ■ ■ □ □ ■ □ ■ ■ □ □ ■ □ ■ □
 ■ □ □ ■ □ ■ □ ■ □ □ ■ □ □ ■ □ □ ■ □ □ ■ □ ■ □ □ ■ ■ □ ■ □ ■ □ ■ □ ■ □ □ ■ ■ □ ■ □ ■ □ □ ■ □ ■ ■ □ □ ■ ■ □ ■ ■ □ ■ □ ■ □ ■ □ ■ ■ □ □ ■ □ ■ □ □ ■ ■ □ ■ ■ □ ■ □ ■ ■ □ ■ □ ■ ■ □ ■ ■ □ ■ ■ □ ■ ■ □ ■ □ ■ □ □ ■ □ □ ■ □ □ ■ □ ■
 □ □ ■ □ □ ■ □ □ ■ □ ■ □ ■ □ ■ □ ■ □ ■ ■ □ □ ■ ■ □ ■ ■ □ ■ □ ■ □ ■ □ ■ ■ □ □ ■ □ ■ □ ■ ■ □ ■ □ □ ■ ■ □ □ ■ □ □ ■ ■ □ □ ■ ■ □ ■ ■ □ ■ □ ■ □ ■ □ ■ □ ■ □ ■ □ ■ □ □ ■ □ ■ □ ■ □ ■ ■ □ ■ □ □ ■ □ ■ ■ □ □ ■ ■ □ ■ □ ■ □ ■ ■ □ ■ □
 ■ ■ □ ■ ■ □ ■ ■ □ ■ □ ■ □ ■ □ ■ □ ■ ■ □ ■ ■ □ □ ■ □ ■ □ □ ■ □ ■ □ □ ■ ■ □ ■ □ ■ □ ■ □ ■ ■ □ ■ □ ■ ■ □ ■ ■ □ ■ □ □ ■ ■ □ □ ■ □ □ ■ □ ■ □ □ ■ ■ □ □ ■ □ □ ■ □ ■ □ □ ■ □ ■ □ ■ □ □ ■ □ ■ ■ □ ■ □ □ ■ ■ □ □ ■ □ ■ □ ■ ■ □ ■ □ □
 □ □ ■ □ ■ ■ □ □ ■ ■ □ □ ■ □ ■ □ □ ■ □ □ ■ ■ □ □ ■ ■ □ ■ ■ □ ■ □ ■ ■ □ □ ■ ■ □ □ ■ ■ □ □ ■ □ ■ ■ □ □ ■ □ □ ■ ■ □ □ ■ □ ■ □ ■ □ ■ □ ■ □ ■ ■ □ ■ □ ■ □ ■ □ □ ■ □ ■ □ ■ ■ □ ■ □ ■ □ □ ■ ■ □ □ ■ □ ■ ■ □ □ ■ ■ □ □ ■ ■ □ ■ ■ □ ■
 □ ■ □ ■ □ □ ■ ■ □ □ ■ ■ □ ■ □ ■ ■ □ □ ■ □ □ ■ ■ □ □ ■ □ □ ■ ■ □ □ ■ ■ □ ■ □ ■ □ ■ □ ■ ■ □ ■ □ ■ ■ □ ■ □ □ ■ □ ■ ■ □ ■ □ ■ □ ■ □ ■ □ □ ■ □ ■ □ ■ ■ □ ■ ■ □ ■ □ □ ■ □ ■ □ ■ ■ □ ■ ■ □ □ ■ ■ □ ■ □ □ ■ ■ □ □ ■ ■ □ □ ■ □ □ ■ □
 ■ □ ■ □ □ ■ ■ □ ■ □ ■ □ ■ □ ■ □ ■ □ ■ □ □ ■ ■ □ ■ □ □ ■ ■ □ □ ■ ■ □ □ ■ □ □ ■ ■ □ ■ ■ □ ■ ■ □ □ ■ ■ □ ■ ■ □ □ ■ □ ■ □ ■ □ ■ □ ■ □ ■ ■ □ ■ □ ■ ■ □ ■ □ □ ■ □ ■ □ □ ■ □ ■ □ □ ■ ■ □ ■ ■ □ ■ □ □ ■ □ □ ■ □ ■ □ □ ■ □ ■ ■ □ □ ■
 □ ■ ■ □ ■ □ □ ■ □ ■ □ □ ■ □ □ ■ □ ■ □ ■ ■ □ □ ■ □ ■ □ ■ □ ■ ■ □ ■ □ ■ ■ □ ■ □ □ ■ □ □ ■ □ □ ■ □ □ ■ ■ □ □ ■ ■ □ ■ □ ■ □ ■ ■ □ ■ ■ □ ■ ■ □ ■ □ □ ■ ■ □ ■ ■ □ □ ■ ■ □ ■ □ □ ■ ■ □ ■ □ ■ □ □ ■ ■ □ ■ □ □ ■ □ ■ □ ■ ■ □ □ ■ ■ □
 ■ □ □ ■ □ ■ □ ■ ■ □ ■ ■ □ ■ ■ □ □ ■ ■ □ □ ■ □ ■ □ ■ ■ □ ■ ■ □ ■ □ ■ □ □ ■ □ ■ □ ■ ■ □ □ ■ ■ □ ■ ■ □ □ ■ □ ■ □ ■ □ ■ □ ■ □ □ ■ □ □ ■ □ □ ■ ■ □ ■ □ □ ■ □ □ ■ □ ■ □ ■ □ □ ■ □ □ ■ ■ □ □ ■ ■ □ ■ ■ □ ■ ■ □ □ ■ ■ □ □ ■ ■ □ □ ■
 □ ■ ■ □ ■ □ ■ □ □ ■ □ □ ■ □ □ ■ ■ □ ■ □ ■ □ ■ □ ■ □ □ ■ □ □ ■ □ ■ □ ■ □ □ ■ □ ■ □ ■ ■ □ □ ■ □ ■ □ ■ ■ □ ■ □ ■ □ ■ ■ □ ■ □ ■ □ □ ■ ■ □ ■ □ □ ■ ■ □ □ ■ ■ □ ■ ■ □ ■ ■ □ ■ □ □ ■ ■ □ ■ □ ■ ■ □ □ ■ □ ■ □ ■ ■ □ □ ■ ■ □ □ ■ ■ □
 ■ ■ □ ■ □ ■ □ □ ■ ■ □ ■ □ ■ □ ■ □ ■ □ ■ □ ■ □ □ ■ □ □ ■ □ ■ □ ■ □ ■ □ ■ ■ □ □ ■ ■ □ □ ■ □ □ ■ □ □ ■ ■ □ □ ■ □ □ ■ □ ■ □ ■ □ □ ■ □ □ ■ ■ □ ■ ■ □ ■ ■ □ ■ ■ □ □ ■ ■ □ ■ □ ■ ■ □ □ ■ □ ■ □ □ ■ ■ □ ■ □ ■ □ □ ■ ■ □ □ ■ ■ □ ■ ■
 ■ □ □ ■ □ □ ■ ■ □ □ ■ ■ □ □ ■ □ □ ■ □ □ ■ ■ □ ■ □ ■ ■ □ ■ ■ □ □ ■ □ ■ □ □ ■ ■ □ □ ■ ■ □ ■ □ □ ■ ■ □ □ ■ □ □ ■ ■ □ □ ■ ■ □ ■ ■ □ □ ■ □ □ ■ ■ □ ■ □ ■ ■ □ □ ■ □ ■ □ □ ■ ■ □ ■ □ ■ □ ■ ■ □ ■ □ □ ■ ■ □ □ ■ ■ □ □ ■ ■ □ ■ ■ □ ■
 □ □ ■ □ ■ ■ □ □ ■ □ ■ □ ■ ■ □ □ ■ □ ■ ■ □ □ ■ ■ □ □ ■ ■ □ □ ■ ■ □ ■ □ □ ■ □ ■ ■ □ □ ■ ■ □ ■ □ □ ■ ■ □ □ ■ □ ■ □ ■ ■ □ ■ □ ■ ■ □ ■ □ ■ □ ■ □ ■ ■ □ □ ■ ■ □ □ ■ □ ■ ■ □ □ ■ □ ■ □ ■ □ □ ■ ■ □ ■ □ □ ■ ■ □ □ ■ □ ■ ■ □ □ ■ ■ □
 □ ■ ■ □ ■ □ ■ □ ■ ■ □ □ ■ □ ■ ■ □ ■ ■ □ ■ ■ □ □ ■ ■ □ ■ ■ □ □ ■ ■ □ ■ ■ □ ■ □ □ ■ ■ □ □ ■ □ ■ ■ □ □ ■ □ □ ■ □ □ ■ ■ □ □ ■ □ □ ■ □ ■ □ ■ □ ■ □ □ ■ ■ □ □ ■ ■ □ ■ □ ■ ■ □ □ ■ □ □ ■ □ ■ ■ □ ■ □ □ ■ □ ■ □ □ ■ ■ □ □ ■ ■ □ □ ■
 ■ ■ □ ■ □ □ ■ ■ □ ■ □ ■ □ ■ ■ □ ■ □ □ ■ □ ■ ■ □ ■ □ ■ □ □ ■ ■ □ □ ■ ■ □ ■ □ ■ □ ■ □ ■ ■ □ □ ■ ■ □ □ ■ ■ □ ■ □ ■ □ □ ■ ■ □ □ ■ □ □ ■ □ ■ □ ■ □ ■ □ ■ □ ■ □ ■ □ □ ■ □ □ ■ □ □ ■ ■ □ ■ □ □ ■ □ □ ■ □ ■ □ ■ ■ □ ■ □ ■ ■ □ □ ■ ■
 □ □ ■ □ ■ ■ □ □ ■ □ ■ □ ■ ■ □ ■ ■ □ ■ □ ■ □ □ ■ □ ■ ■ □ ■ □ □ ■ ■ □ □ ■ □ ■ □ ■ □ ■ ■ □ ■ ■ □ □ ■ ■ □ □ ■ □ ■ ■ □ ■ □ ■ □ ■ □ ■ ■ □ ■ □ ■ □ ■ □ ■ □ ■ □ ■ □ ■ ■ □ ■ □ □ ■ ■ □ □ ■ □ ■ □ □ ■ ■ □ ■ ■ □ □ ■ □ □ ■ □ □ ■ ■ □ □
 □ ■ ■ □ ■ □ ■ ■ □ ■ □ □ ■ □ ■ ■ □ ■ □ ■ □ ■ □ □ ■ ■ □ ■ □ ■ □ □ ■ ■ □ ■ ■ □ ■ □ ■ □ □ ■ ■ □ ■ □ ■ □ ■ ■ □ ■ ■ □ ■ □ ■ □ ■ ■ □ ■ ■ □ □ ■ □ □ ■ □ ■ □ ■ □ □ ■ ■ □ ■ □ ■ □ ■ □ □ ■ ■ □ □ ■ ■ □ □ ■ □ □ ■ □ □ ■ ■ □ □ ■ □ ■ □ □
 ■ ■ □ ■ □ □ ■ □ ■ □ ■ ■ □ ■ □ □ ■ □ ■ ■ □ □ ■ □ ■ □ □ ■ □ □ ■ ■ □ ■ ■ □ ■ □ ■ □ ■ ■ □ ■ □ ■ □ ■ □ ■ □ ■ □ ■ □ □ ■ □ ■ □ ■ □ ■ □ □ ■ ■ □ □ ■ □ ■ □ ■ □ ■ □ ■ □ □ ■ □ □ ■ □ ■ ■ □ □ ■ ■ □ □ ■ ■ □ ■ □ □ ■ □ ■ □ ■ ■ □ ■ □ ■ ■
 ■ □ ■ □ ■ ■ □ ■ □ □ ■ □ ■ □ ■ ■ □ ■ □ □ ■ □ ■ ■ □ □ ■ □ ■ □ ■ □ ■ □ □ ■ □ ■ □ ■ □ ■ ■ □ ■ □ ■ □ ■ □ ■ □ ■ □ ■ ■ □ ■ □ ■ □ ■ ■ □ ■ □ □ ■ ■ □ □ ■ ■ □ ■ □ ■ □ □ ■ □ ■ □ □ ■ □ □ ■ □ □ ■ □ □ ■ □ ■ □ ■ ■ □ ■ □ ■ □ ■ □ ■ ■ □ ■
 □ ■ □ ■ □ ■ □ □ ■ ■ □ ■ □ ■ □ ■ ■ □ ■ ■ □ ■ □ ■ □ ■ □ □ ■ ■ □ ■ ■ □ ■ □ ■ □ ■ □ ■ □ ■ □ □ ■ □ ■ ■ □ □ ■ ■ □ □ ■ ■ □ □ ■ ■ □ □ ■ □ ■ □ ■ ■ □ ■ □ ■ □ □ ■ □ □ ■ ■ □ □ ■ ■ □ ■ □ ■ ■ □ □ ■ ■ □ ■ □ ■ □ □ ■ □ □ ■ ■ □ ■ □ □ ■ □
 ■ □ ■ ■ □ □ ■ □ ■ ■ □ ■ ■ □ ■ □ □ ■ □ □ ■ ■ □ □ ■ ■ □ ■ □ ■ □ ■ □ ■ □ ■ ■ □ □ ■ ■ □ □ ■ ■ □ ■ □ □ ■ ■ □ □ ■ ■ □ □ ■ ■ □ □ ■ □ □ ■ □ ■ □ □ ■ □ ■ □ ■ ■ □ □ ■ □ □ ■ □ ■ □ ■ □ ■ □ □ ■ ■ □ ■ □ ■ ■ □ ■ ■ □ ■ ■ □ □ ■ ■ □ □ ■ □
 □ ■ ■ □ ■ ■ □ ■ □ □ ■ □ □ ■ □ □ ■ □ ■ ■ □ □ ■ ■ □ □ ■ ■ □ □ ■ □ □ ■ ■ □ □ ■ □ ■ □ ■ □ ■ □ ■ □ ■ ■ □ ■ □ ■ □ ■ □ □ ■ ■ □ ■ □ ■ ■ □ ■ ■ □ ■ □ ■ ■ □ ■ □ □ ■ □ ■ □ ■ ■ □ ■ □ ■ □ □ ■ □ □ ■ □ ■ □ □ ■ □ □ ■ ■ □ ■ ■ □ □ ■ ■ □ ■
 □ ■ □ ■ ■ □ ■ □ ■ □ □ ■ ■ □ □ ■ ■ □ □ ■ □ ■ ■ □ □ ■ ■ □ ■ ■ □ □ ■ □ □ ■ ■ □ ■ □ □ ■ ■ □ ■ □ ■ □ ■ ■ □ ■ □ ■ □ ■ ■ □ □ ■ ■ □ ■ □ ■ □ □ ■ □ □ ■ □ ■ □ ■ ■ □ □ ■ ■ □ ■ ■ □ ■ □ ■ ■ □ ■ □ □ ■ ■ □ □ ■ □ □ ■ □ ■ □ □ ■ □ ■ □ ■ □
 ■ □ ■ □ □ ■ □ □ ■ ■ □ □ ■ □ ■ □ □ ■ □ □ ■ ■ □ ■ ■ □ □ ■ ■ □ □ ■ ■ □ ■ □ □ ■ □ ■ ■ □ □ ■ ■ □ ■ □ □ ■ ■ □ □ ■ □ ■ □ □ ■ ■ □ ■ □ ■ □ □ ■ ■ □ ■ □ □ ■ ■ □ □ ■ ■ □ ■ ■ □ ■ □ ■ ■ □ ■ □ □ ■ ■ □ □ ■ ■ □ ■ ■ □ ■ □ □ ■ □ ■ □ ■ □ ■
 □ ■ □ ■ □ ■ □ ■ □ □ ■ ■ □ ■ □ ■ ■ □ ■ □ ■ □ ■ □ □ ■ □ ■ □ ■ ■ □ □ ■ □ ■ □ ■ ■ □ ■ □ ■ ■ □ ■ □ ■ □ □ ■ □ ■ □ ■ □ □ ■ ■ □ ■ ■ □ □ ■ ■ □ □ ■ □ ■ ■ □ ■ □ □ ■ □ ■ □ ■ □ □ ■ □ □ ■ □ ■ □ ■ □ ■ □ ■ ■ □ □ ■ ■ □ ■ ■ □ ■ ■ □ □ ■ □
 ■ □ □ ■ ■ □ ■ □ ■ ■ □ □ ■ ■ □ □ ■ ■ □ ■ □ □ ■ ■ □ □ ■ □ □ ■ ■ □ ■ □ ■ □ ■ □ ■ ■ □ ■ ■ □ □ ■ □ □ ■ □ □ ■ □ ■ ■ □ ■ □ □ ■ □ □ ■ ■ □ ■ ■ □ ■ □ □ ■ □ □ ■ ■ □ ■ □ ■ □ ■ ■ □ □ ■ ■ □ □ ■ □ ■ □ ■ □ □ ■ ■ □ ■ ■ □ □ ■ □ □ ■ ■ □ ■
 □ ■ ■ □ □ ■ □ □ ■ ■ □ ■ □ □ ■ ■ □ □ ■ □ ■ ■ □ □ ■ □ ■ □ ■ □ □ ■ □ □ ■ ■ □ ■ □ □ ■ □ □ ■ ■ □ ■ ■ □ ■ ■ □ ■ □ □ ■ □ ■ ■ □ ■ ■ □ □ ■ □ ■ ■ □ ■ □ □ ■ ■ □ ■ ■ □ ■ □ ■ ■ □ □ ■ □ □ ■ □ ■ ■ □ ■ ■ □ ■ □ ■ □ □ ■ □ ■ □ □ ■ □ ■ ■ □
 ■ □ □ ■ ■ □ ■ ■ □ □ ■ □ ■ □ ■ □ ■ □ ■ □ ■ ■ □ □ ■ ■ □ ■ ■ □ ■ ■ □ ■ □ □ ■ □ ■ □ □ ■ □ □ ■ □ □ ■ ■ □ ■ □ ■ ■ □ □ ■ ■ □ □ ■ □ ■ ■ □ ■ □ ■ ■ □ ■ □ □ ■ □ □ ■ ■ □ ■ □ □ ■ ■ □ ■ ■ □ ■ □ □ ■ □ □ ■ □ ■ □ ■ □ □ ■ □ ■ ■ □ ■ □ □ ■
 □ □ ■ □ □ ■ □ ■ ■ □ □ ■ □ ■ □ ■ □ ■ □ ■ □ □ ■ ■ □ ■ ■ □ □ ■ □ □ ■ □ □ ■ □ ■ □ ■ □ ■ ■ □ □ ■ ■ □ ■ ■ □ ■ □ □ ■ ■ □ □ ■ ■ □ ■ ■ □ □ ■ ■ □ ■ ■ □ ■ □ □ ■ ■ □ ■ ■ □ ■ ■ □ □ ■ □ ■ ■ □ □ ■ □ ■ □ □ ■ □ ■ □ ■ ■ □ ■ □ ■ □ □ ■ ■ □
 □ ■ □ ■ ■ □ ■ □ □ ■ □ ■ ■ □ ■ □ □ ■ □ ■ ■ □ □ ■ ■ □ □ ■ □ ■ ■ □ ■ □ ■ ■ □ ■ □ □ ■ □ □ ■ □ □ ■ ■ □ ■ □ ■ ■ □ □ ■ ■ □ ■ ■ □ ■ □ □ ■ □ □ ■ □ ■ □ □ ■ □ ■ ■ □ □ ■ □ ■ ■ □ ■ □ ■ □ □ ■ ■ □ ■ □ ■ ■ □ □ ■ ■ □ □ ■ □ ■ □ ■ ■ □ □ ■
 ■ □ ■ □ □ ■ ■ □ □ ■ ■ □ ■ □ ■ □ ■ □ ■ □ □ ■ ■ □ □ ■ □ ■ ■ □ □ ■ □ ■ ■ □ ■ □ ■ ■ □ ■ □ □ ■ ■ □ ■ □ □ ■ □ □ ■ □ □ ■ ■ □ □ ■ □ ■ ■ □ ■ □ ■ ■ □ ■ ■ □ ■ □ □ ■ ■ □ ■ □ □ ■ □ ■ ■ □ □ ■ □ □ ■ □ ■ □ ■ ■ □ □ ■ ■ □ ■ □ ■ □ ■ □ ■ □
 ■ ■ □ ■ ■ □ □ ■ ■ □ ■ ■ □ ■ □ ■ □ ■ □ □ ■ □ ■ ■ □ □ ■ □ □ ■ □ □ ■ ■ □ □ ■ □ □ ■ □ □ ■ □ □ ■ ■ □ ■ □ ■ ■ □ □ ■ ■ □ □ ■ ■ □ □ ■ ■ □ ■ ■ □ □ ■ □ ■ □ ■ □ ■ □ □ ■ □ □ ■ □ ■ ■ □ ■ ■ □ ■ ■ □ ■ □ □ ■ □ ■ ■ □ □ ■ □ ■ □ ■ □ ■ □ ■
 □ ■ □ ■ □ □ ■ □ □ ■ □ □ ■ ■ □ □ ■ □ ■ ■ □ ■ □ ■ ■ □ ■ ■ □ □ ■ ■ □ □ ■ ■ □ ■ □ □ ■ □ □ ■ ■ □ ■ ■ □ ■ □ ■ ■ □ □ ■ □ ■ ■ □ ■ ■ □ □ ■ □ □ ■ □ □ ■ □ ■ □ ■ ■ □ ■ ■ □ ■ □ ■ □ □ ■ □ ■ □ ■ □ ■ □ □ ■ □ ■ ■ □ ■ □ ■ ■ □ ■ □ ■ □ ■ □
 ■ □ ■ □ ■ ■ □ □ ■ □ □ ■ □ □ ■ ■ □ ■ □ ■ ■ □ ■ □ ■ ■ □ □ ■ □ ■ □ ■ □ ■ □ ■ □ ■ □ ■ ■ □ ■ □ ■ □ ■ □ □ ■ □ □ ■ □ □ ■ □ □ ■ ■ □ ■ ■ □ □ ■ □ ■ ■ □ ■ ■ □ ■ □ ■ ■ □ ■ ■ □ □ ■ ■ □ ■ □ ■ □ ■ □ □ ■ □ □ ■ □ □ ■ ■ □ □ ■ □ ■ □ ■ ■ □
 □ □ ■ □ □ ■ □ ■ □ ■ ■ □ ■ ■ □ □ ■ ■ □ □ ■ □ ■ ■ □ ■ ■ □ ■ ■ □ ■ □ ■ □ ■ □ ■ □ ■ □ ■ ■ □ ■ ■ □ □ ■ □ □ ■ ■ □ ■ ■ □ □ ■ □ □ ■ ■ □ □ ■ □ □ ■ ■ □ ■ □ ■ □ □ ■ □ □ ■ □ ■ □ ■ □ ■ □ □ ■ ■ □ □ ■ ■ □ ■ □ ■ ■ □ ■ □ □ ■ ■ □ ■ □ □ ■
 ■ ■ □ ■ ■ □ ■ □ ■ □ □ ■ □ □ ■ □ ■ □ ■ □ □ ■ □ ■ ■ □ □ ■ □ ■ □ □ ■ ■ □ ■ □ □ ■ ■ □ □ ■ ■ □ □ ■ □ □ ■ ■ □ ■ ■ □ □ ■ ■ □ □ ■ ■ □ ■ ■ □ ■ ■ □ □ ■ □ ■ ■ □ ■ □ ■ ■ □ □ ■ ■ □ ■ □ ■ ■ □ □ ■ ■ □ □ ■ □ □ ■ □ ■ □ ■ ■ □ □ ■ □ □ ■ □
 □ ■ □ ■ □ ■ □ ■ □ ■ ■ □ □ ■ □ ■ □ □ ■ ■ □ □ ■ □ □ ■ □ ■ ■ □ ■ □ ■ □ ■ □ ■ ■ □ □ ■ ■ □ □ ■ ■ □ ■ ■ □ □ ■ □ □ ■ ■ □ ■ □ ■ ■ □ ■ □ ■ ■ □ ■ ■ □ □ ■ ■ □ ■ □ ■ ■ □ ■ ■ □ □ ■ □ □ ■ □ ■ ■ □ ■ □ ■ □ □ ■ □ ■ □ □ ■ □ □ ■ □ □ ■ □ ■
 ■ □ ■ □ ■ □ ■ □ ■ □ □ ■ ■ □ ■ □ □ ■ □ ■ ■ □ □ ■ □ ■ ■ □ ■ □ ■ ■ □ ■ □ ■ ■ □ □ ■ □ □ ■ ■ □ □ ■ □ □ ■ □ □ ■ ■ □ □ ■ □ ■ ■ □ □ ■ □ □ ■ ■ □ □ ■ ■ □ □ ■ □ ■ ■ □ ■ □ ■ □ ■ ■ □ ■ □ ■ □ ■ □ □ ■ □ ■ ■ □ ■ □ ■ ■ □ ■ ■ □ □ ■ □ ■ □
 □ ■ □ ■ □ ■ □ □ ■ □ ■ □ ■ □ □ ■ ■ □ ■ □ □ ■ □ ■ ■ □ □ ■ □ ■ □ □ ■ □ ■ □ □ ■ ■ □ ■ ■ □ □ ■ ■ □ ■ □ □ ■ ■ □ □ ■ □ □ ■ ■ □ □ ■ □ ■ ■ □ ■ □ ■ □ ■ □ □ ■ ■ □ □ ■ □ ■ □ ■ ■ □ ■ ■ □ ■ ■ □ ■ ■ □ ■ ■ □ □ ■ □ ■ □ □ ■ ■ □ ■ □ ■ □ ■
 ■ □ ■ □ ■ □ ■ ■ □ ■ □ ■ □ ■ ■ □ □ ■ □ ■ □ ■ ■ □ ■ □ □ ■ □ □ ■ ■ □ ■ □ □ ■ □ □ ■ □ □ ■ ■ □ □ ■ □ ■ ■ □ □ ■ □ □ ■ ■ □ □ ■ ■ □ ■ □ ■ □ □ ■ □ ■ □ ■ ■ □ □ ■ ■ □ ■ □ ■ ■ □ ■ □ □ ■ □ □ ■ □ ■ □ ■ □ ■ ■ □ ■ □ ■ ■ □ □ ■ ■ □ ■ □ ■
 □ ■ □ ■ □ ■ □ ■ ■ □ ■ ■ □ □ ■ □ ■ ■ □ □ ■ □ ■ ■ □ ■ ■ □ ■ □ ■ □ ■ □ □ ■ ■ □ ■ □ ■ □ □ ■ □ □ ■ ■ □ □ ■ □ ■ ■ □ □ ■ ■ □ ■ □ ■ □ ■ □ ■ □ ■ ■ □ □ ■ ■ □ ■ ■ □ □ ■ ■ □ □ ■ □ ■ □ □ ■ ■ □ ■ □ ■ □ □ ■ ■ □ □ ■ □ □ ■ ■ □ □ ■ □ ■ □
 ■ □ □ ■ ■ □ ■ □ □ ■ ■ □ ■ ■ □ ■ □ □ ■ □ □ ■ □ ■ □ ■ □ □ ■ ■ □ ■ ■ □ ■ ■ □ ■ □ ■ □ ■ □ □ ■ ■ □ ■ □ ■ □ ■ □ □ ■ ■ □ □ ■ □ ■ ■ □ □ ■ □ ■ □ □ ■ ■ □ □ ■ ■ □ ■ ■ □ ■ □ ■ □ □ ■ ■ □ ■ □ □ ■ ■ □ ■ ■ □ □ ■ □ □ ■ ■ □ ■ □ ■ □ ■ □ □
 ■ □ ■ □ □ ■ □ ■ ■ □ □ ■ □ ■ □ ■ ■ □ □ ■ ■ □ ■ □ ■ □ □ ■ □ □ ■ □ □ ■ ■ □ ■ □ ■ □ □ ■ ■ □ ■ ■ □ □ ■ □ ■ □ ■ □ □ ■ □ ■ □ □ ■ □ ■ ■ □ ■ ■ □ □ ■ □ □ ■ ■ □ □ ■ □ ■ □ ■ □ ■ ■ □ □ ■ □ ■ ■ □ ■ ■ □ □ ■ ■ □ ■ □ ■ ■ □ □ ■ □ ■ □ ■ ■
 □ ■ ■ □ ■ □ □ ■ □ □ ■ ■ □ □ ■ □ □ ■ ■ □ ■ ■ □ ■ □ □ ■ □ □ ■ □ ■ ■ □ □ ■ □ ■ □ ■ ■ □ □ ■ □ □ ■ ■ □ □ ■ □ □ ■ ■ □ ■ □ ■ ■ □ ■ □ ■ ■ □ □ ■ ■ □ ■ ■ □ □ ■ ■ □ ■ ■ □ ■ ■ □ ■ ■ □ □ ■ ■ □ ■ □ ■ □ ■ ■ □ ■ □ ■ □ □ ■ □ □ ■ □ □ ■ □
 ■ ■ □ ■ ■ □ ■ □ ■ ■ □ □ ■ □ ■ □ ■ □ □ ■ □ □ ■ □ ■ ■ □ ■ ■ □ ■ ■ □ ■ □ □ ■ ■ □ □ ■ ■ □ ■ □ ■ ■ □ □ ■ □ ■ □ ■ □ □ ■ □ □ ■ ■ □ ■ □ ■ ■ □ ■ □ □ ■ □ ■ □ □ ■ □ ■ □ ■ □ □ ■ □ □ ■ □ ■ □ ■ □ ■ □ ■ □ □ ■ □ ■ □ ■ ■ □ ■ □ □ ■ ■ □ ■
 □ □ ■ □ □ ■ □ ■ □ □ ■ □ ■ ■ □ ■ □ ■ ■ □ ■ □ □ ■ □ ■ ■ □ □ ■ ■ □ ■ □ ■ ■ □ □ ■ ■ □ ■ ■ □ ■ □ □ ■ ■ □ ■ □ ■ □ □ ■ □ ■ ■ □ □ ■ ■ □ □ ■ ■ □ □ ■ □ □ ■ ■ □ □ ■ □ ■ □ □ ■ □ ■ ■ □ ■ □ □ ■ □ □ ■ □ ■ □ ■ □ ■ ■ □ ■ ■ □ ■ ■ □ ■ ■ □
 ■ □ □ ■ □ ■ ■ □ ■ ■ □ ■ □ ■ □ ■ ■ □ ■ ■ □ ■ ■ □ ■ □ □ ■ □ ■ □ □ ■ ■ □ □ ■ □ □ ■ ■ □ ■ □ □ ■ ■ □ □ ■ □ □ ■ □ ■ ■ □ □ ■ □ ■ □ □ ■ ■ □ ■ □ ■ □ ■ ■ □ □ ■ ■ □ ■ □ □ ■ □ □ ■ □ □ ■ □ ■ □ ■ ■ □ □ ■ ■ □ ■ □ ■ ■ □ ■ □ ■ □ ■ □ □ ■
 ■ ■ □ □ ■ □ □ ■ □ □ ■ □ ■ □ ■ □ □ ■ □ □ ■ □ ■ ■ □ ■ ■ □ ■ □ □ ■ □ □ ■ ■ □ ■ ■ □ □ ■ □ ■ ■ □ ■ ■ □ ■ □ ■ □ ■ □ □ ■ ■ □ ■ □ □ ■ ■ □ ■ □ ■ □ □ ■ ■ □ ■ □ □ ■ □ □ ■ □ □ ■ □ ■ ■ □ ■ ■ □ ■ □ ■ ■ □ ■ □ ■ ■ □ □ ■ □ ■ □ ■ □ □ ■ ■
 □ □ ■ ■ □ ■ ■ □ ■ □ □ ■ □ ■ □ ■ ■ □ ■ □ ■ ■ □ □ ■ ■ □ □ ■ □ ■ ■ □ □ ■ □ ■ ■ □ ■ ■ □ □ ■ ■ □ □ ■ ■ □ ■ ■ □ ■ ■ □ ■ □ ■ □ □ ■ ■ □ ■ □ ■ □ □ ■ □ □ ■ □ ■ ■ □ □ ■ □ ■ ■ □ ■ □ □ ■ □ □ ■ □ ■ ■ □ ■ □ ■ □ ■ □ ■ □ ■ □ ■ □ □ ■ □ □
 □ □ ■ □ ■ □ □ ■ □ ■ ■ □ ■ □ ■ □ ■ □ □ ■ □ ■ □ ■ □ □ ■ ■ □ ■ □ □ ■ ■ □ □ ■ □ ■ □ ■ □ ■ □ □ ■ ■ □ ■ □ ■ □ ■ □ ■ ■ □ ■ □ ■ ■ □ □ ■ □ ■ □ □ ■ □ ■ ■ □ ■ □ ■ □ ■ ■ □ □ ■ □ □ ■ ■ □ ■ ■ □ ■ □ □ ■ □ ■ ■ □ □ ■ ■ □ ■ ■ □ □ ■ □ ■ ■
 ■ ■ □ □ ■ □ ■ ■ □ □ ■ ■ □ ■ □ ■ □ ■ ■ □ ■ □ ■ □ ■ □ ■ □ ■ □ ■ ■ □ □ ■ ■ □ ■ □ ■ □ ■ □ □ ■ □ □ ■ □ ■ □ ■ □ ■ □ □ ■ □ □ ■ ■ □ □ ■ ■ □ ■ ■ □ ■ □ ■ □ ■ □ □ ■ □ □ ■ ■ □ ■ ■ □ □ ■ □ ■ ■ □ □ ■ □ ■ ■ □ ■ ■ □ □ ■ □ □ ■ ■ □ ■ □ □
 □ □ ■ ■ □ ■ ■ □ ■ ■ □ □ ■ □ ■ □ ■ □ ■ ■ □ ■ □ □ ■ ■ □ ■ □ ■ ■ □ ■ □ □ ■ □ □ ■ □ ■ □ ■ ■ □ ■ □ □ ■ □ □ ■ ■ □ ■ □ □ ■ ■ □ □ ■ ■ □ □ ■ □ □ ■ ■ □ □ ■ □ ■ ■ □ ■ ■ □ □ ■ □ □ ■ ■ □ ■ □ ■ □ ■ □ ■ □ □ ■ ■ □ ■ □ ■ ■ □ □ ■ ■ □ ■ □
 ■ □ ■ □ ■ ■ □ □ ■ ■ □ ■ □ ■ □ ■ □ ■ □ □ ■ □ □ ■ □ □ ■ ■ □ ■ □ ■ □ ■ ■ □ ■ ■ □ ■ □ ■ ■ □ ■ □ ■ □ □ ■ ■ □ □ ■ □ ■ ■ □ □ ■ ■ □ ■ ■ □ □ ■ □ ■ □ ■ □ □ ■ □ ■ □ □ ■ □ ■ ■ □ ■ □ □ ■ ■ □ □ ■ □ □ ■ □ ■ ■ □ □ ■ ■ □ □ ■ ■ □ ■ □ □ ■
 ■ ■ □ ■ ■ □ ■ ■ □ □ ■ □ ■ ■ □ ■ □ ■ □ ■ □ ■ ■ □ □ ■ □ □ ■ □ ■ □ □ ■ □ ■ □ □ ■ □ ■ ■ □ ■ ■ □ □ ■ ■ □ ■ □ ■ □ ■ □ ■ □ ■ □ □ ■ □ □ ■ □ □ ■ □ ■ □ ■ □ □ ■ □ ■ ■ □ ■ ■ □ ■ ■ □ ■ □ □ ■ ■ □ □ ■ □ ■ ■ □ ■ ■ □ □ ■ ■ □ □ ■ □ ■ □ □
 □ □ ■ □ □ ■ ■ □ ■ □ □ ■ ■ □ ■ □ ■ □ ■ □ ■ □ □ ■ ■ □ ■ □ ■ ■ □ ■ ■ □ □ ■ ■ □ ■ ■ □ □ ■ ■ □ ■ □ ■ □ ■ □ ■ □ ■ ■ □ □ ■ □ ■ ■ □ ■ □ □ ■ ■ □ ■ □ ■ □ ■ ■ □ □ ■ □ □ ■ □ ■ □ □ ■ □ ■ □ ■ □ □ ■ □ ■ ■ □ ■ □ ■ □ ■ □ ■ □ □ ■ □ □ ■ ■
 ■ □ □ ■ □ ■ □ ■ □ ■ ■ □ □ ■ ■ □ ■ ■ □ ■ ■ □ ■ ■ □ ■ □ ■ □ □ ■ □ ■ □ ■ □ □ ■ □ ■ □ □ ■ □ ■ □ ■ □ ■ □ ■ □ ■ □ □ ■ ■ □ ■ □ ■ □ □ ■ ■ □ □ ■ □ ■ □ □ ■ ■ □ ■ □ ■ ■ □ □ ■ ■ □ ■ ■ □ ■ □ □ ■ ■ □ ■ □ □ ■ □ □ ■ □ ■ □ ■ ■ □ ■ ■ □ □
 □ ■ □ ■ ■ □ □ ■ □ ■ □ □ ■ □ □ ■ □ □ ■ □ □ ■ ■ □ ■ □ ■ □ ■ ■ □ ■ □ ■ ■ □ ■ ■ □ □ ■ ■ □ □ ■ ■ □ ■ □ ■ □ □ ■ ■ □ ■ □ ■ ■ □ □ ■ □ ■ □ □ ■ □ ■ □ □ ■ □ □ ■ □ ■ □ □ ■ ■ □ ■ ■ □ □ ■ ■ □ ■ □ □ ■ □ ■ ■ □ ■ ■ □ ■ □ ■ ■ □ ■ □ ■ ■ □
 ■ □ ■ □ □ ■ ■ □ ■ □ ■ ■ □ □ ■ □ ■ □ □ ■ ■ □ □ ■ □ ■ ■ □ ■ □ ■ □ □ ■ □ ■ □ □ ■ ■ □ □ ■ ■ □ □ ■ □ □ ■ □ ■ □ □ ■ □ ■ □ □ ■ □ □ ■ □ ■ ■ □ ■ □ ■ ■ □ □ ■ ■ □ ■ ■ □ ■ □ ■ □ ■ □ □ ■ □ ■ ■ □ ■ ■ □ ■ ■ □ □ ■ ■ □ □ ■ □ ■ □ ■ □ ■ ■
 ■ □ ■ ■ □ ■ ■ □ □ ■ □ □ ■ ■ □ ■ □ ■ ■ □ □ ■ □ ■ □ ■ □ ■ □ ■ □ ■ ■ □ ■ □ ■ ■ □ □ ■ □ ■ ■ □ □ ■ □ ■ □ ■ ■ □ □ ■ □ □ ■ ■ □ ■ ■ □ ■ ■ □ ■ □ ■ □ ■ □ ■ □ □ ■ □ □ ■ □ □ ■ □ □ ■ ■ □ ■ □ □ ■ ■ □ ■ □ □ ■ ■ □ □ ■ ■ □ ■ □ □ ■ ■ □ □
 □ ■ □ □ ■ □ □ ■ ■ □ ■ □ □ ■ ■ □ ■ □ □ ■ ■ □ ■ □ ■ □ ■ ■ □ □ ■ □ □ ■ ■ □ ■ □ □ ■ □ ■ □ □ ■ ■ □ ■ □ ■ □ □ ■ ■ □ ■ □ ■ □ □ ■ □ □ ■ □ ■ ■ □ □ ■ □ ■ □ ■ □ ■ ■ □ ■ □ ■ □ ■ □ ■ □ ■ □ □ ■ ■ □ ■ □ ■ ■ □ □ ■ ■ □ ■ ■ □ ■ ■ □ □ ■ ■
 ■ ■ □ ■ □ ■ □ ■ □ ■ □ ■ ■ □ ■ □ ■ □ ■ □ □ ■ □ ■ □ □ ■ □ ■ ■ □ ■ □ ■ □ ■ □ ■ ■ □ □ ■ □ ■ □ ■ ■ □ ■ □ □ ■ ■ □ ■ □ ■ □ ■ ■ □ □ ■ □ □ ■ □ ■ ■ □ □ ■ □ ■ ■ □ □ ■ □ ■ ■ □ □ ■ □ ■ ■ □ ■ ■ □ ■ □ ■ □ □ ■ □ □ ■ ■ □ □ ■ □ ■ □ ■ □ □
 □ □ ■ □ ■ □ ■ □ ■ □ ■ ■ □ ■ □ ■ □ ■ □ □ ■ □ ■ □ ■ ■ □ ■ □ ■ ■ □ ■ □ □ ■ □ ■ □ ■ ■ □ ■ □ ■ □ □ ■ □ □ ■ ■ □ ■ ■ □ □ ■ □ □ ■ ■ □ □ ■ □ ■ □ □ ■ ■ □ ■ □ ■ □ ■ □ ■ □ □ ■ □ ■ □ ■ □ ■ ■ □ ■ □ ■ □ ■ ■ □ ■ ■ □ □ ■ ■ □ ■ □ ■ □ ■ □
 ■ □ □ ■ ■ □ □ ■ □ ■ □ □ ■ ■ □ □ ■ □ □ ■ □ □ ■ ■ □ □ ■ □ ■ □ □ ■ □ ■ ■ □ ■ □ ■ □ ■ ■ □ ■ □ ■ ■ □ □ ■ □ □ ■ □ □ ■ ■ □ □ ■ □ ■ □ ■ ■ □ ■ ■ □ □ ■ □ ■ ■ □ ■ □ ■ □ ■ □ ■ ■ □ ■ □ ■ □ □ ■ □ ■ □ ■ □ □ ■ ■ □ ■ □ ■ ■ □ ■ ■ □ ■ □ ■
 □ ■ ■ □ □ ■ ■ □ ■ □ □ ■ ■ □ ■ □ ■ □ ■ □ □ ■ □ □ ■ ■ □ ■ ■ □ ■ □ ■ □ □ ■ ■ □ ■ □ □ ■ ■ □ ■ □ ■ □ ■ □ ■ ■ □ ■ □ ■ ■ □ ■ □ ■ □ ■ ■ □ ■ □ □ ■ □ □ ■ □ □ ■ □ ■ □ ■ □ ■ □ □ ■ ■ □ □ ■ ■ □ ■ □ ■ □ ■ □ ■ □ ■ □ ■ □ □ ■ □ □ ■ ■ □ ■
 ■ □ □ ■ ■ □ □ ■ □ □ ■ ■ □ ■ □ ■ □ ■ □ ■ ■ □ ■ □ ■ □ ■ □ □ ■ □ ■ □ ■ ■ □ □ ■ □ ■ ■ □ ■ □ ■ ■ □ ■ □ ■ ■ □ ■ □ ■ □ □ ■ □ □ ■ □ ■ □ ■ ■ □ ■ □ ■ □ ■ □ ■ ■ □ □ ■ ■ □ ■ □ ■ □ □ ■ ■ □ □ ■ ■ □ □ ■ □ ■ □ □ ■ □ □ ■ ■ □ ■ ■ □ □ ■ □
 ■ ■ □ □ ■ ■ □ □ ■ ■ □ □ ■ □ ■ □ □ ■ ■ □ ■ □ □ ■ □ ■ □ ■ □ ■ ■ □ ■ □ □ ■ □ ■ ■ □ ■ □ □ ■ □ □ ■ □ ■ □ □ ■ □ ■ □ ■ ■ □ □ ■ □ ■ □ ■ □ □ ■ □ □ ■ ■ □ ■ □ □ ■ ■ □ □ ■ □ ■ □ ■ ■ □ □ ■ ■ □ □ ■ ■ □ ■ ■ □ ■ □ ■ ■ □ □ ■ □ ■ ■ □ ■ ■
 □ □ ■ ■ □ □ ■ □ □ ■ □ ■ □ ■ □ ■ ■ □ ■ ■ □ ■ □ □ ■ □ ■ □ ■ □ ■ ■ □ ■ ■ □ ■ □ ■ ■ □ ■ ■ □ □ ■ ■ □ ■ □ □ ■ □ □ ■ □ ■ □ ■ □ ■ ■ □ ■ ■ □ □ ■ ■ □ ■ ■ □ □ ■ ■ □ ■ □ ■ ■ □ □ ■ ■ □ □ ■ □ ■ □ ■ □ ■ □ □ ■ □ ■ ■ □ □ ■ □ ■ □ □ ■ □ □
 □ □ ■ ■ □ ■ □ ■ □ □ ■ □ ■ ■ □ □ ■ ■ □ ■ ■ □ ■ ■ □ ■ □ □ ■ □ □ ■ □ ■ □ ■ □ ■ □ ■ ■ □ □ ■ ■ □ □ ■ □ ■ ■ □ ■ ■ □ ■ □ ■ □ ■ □ □ ■ □ □ ■ □ □ ■ ■ □ □ ■ ■ □ □ ■ □ ■ □ □ ■ ■ □ □ ■ ■ □ ■ □ ■ □ ■ □ ■ □ □ ■ ■ □ ■ ■ □ □ ■ ■ □ □ ■ ■
 ■ ■ □ □ ■ ■ □ ■ ■ □ ■ ■ □ □ ■ ■ □ □ ■ □ □ ■ ■ □ ■ □ □ ■ □ ■ ■ □ ■ □ □ ■ ■ □ ■ □ □ ■ □ ■ □ □ ■ □ ■ □ ■ □ ■ □ ■ ■ □ □ ■ □ ■ □ □ ■ □ □ ■ ■ □ ■ □ ■ ■ □ ■ ■ □ □ ■ ■ □ □ ■ ■ □ ■ □ ■ □ ■ □ ■ □ □ ■ ■ □ ■ □ ■ □ ■ □ ■ □ □ ■ ■ □ □
 ■ ■ □ □ ■ □ ■ □ □ ■ □ ■ ■ □ ■ □ ■ □ ■ □ ■ ■ □ ■ □ □ ■ □ □ ■ □ ■ □ ■ ■ □ □ ■ □ ■ ■ □ ■ □ □ ■ □ ■ ■ □ □ ■ □ ■ ■ □ ■ □ □ ■ □ ■ □ □ ■ □ ■ □ ■ □ ■ ■ □ ■ ■ □ ■ ■ □ □ ■ □ □ ■ ■ □ ■ □ ■ ■ □ ■ □ ■ □ □ ■ □ ■ □ ■ □ ■ □ ■ □ ■ □ □ ■
 □ □ ■ ■ □ ■ □ ■ □ ■ ■ □ □ ■ □ ■ □ ■ □ ■ □ □ ■ □ □ ■ ■ □ ■ □ □ ■ □ □ ■ ■ □ □ ■ □ □ ■ □ ■ ■ □ ■ ■ □ ■ ■ □ ■ □ □ ■ □ ■ ■ □ □ ■ ■ □ □ ■ □ □ ■ ■ □ □ ■ ■ □ ■ ■ □ ■ ■ □ ■ □ □ ■ □ ■ ■ □ □ ■ □ ■ ■ □ ■ ■ □ □ ■ □ ■ □ ■ □ ■ □ ■ ■ □
 ■ □ □ ■ □ □ ■ □ ■ □ □ ■ ■ □ ■ □ □ ■ □ □ ■ □ ■ □ ■ □ □ ■ □ ■ ■ □ ■ ■ □ ■ ■ □ ■ ■ □ ■ ■ □ ■ ■ □ □ ■ □ □ ■ ■ □ □ ■ ■ □ □ ■ ■ □ ■ ■ □ □ ■ ■ □ □ ■ ■ □ □ ■ □ □ ■ □ □ ■ □ ■ ■ □ ■ □ □ ■ □ ■ □ ■ □ ■ ■ □ ■ ■ □ ■ ■ □ □ ■ □ ■ □ □ ■
 □ ■ ■ □ ■ □ ■ ■ □ ■ ■ □ ■ ■ □ ■ ■ □ ■ ■ □ ■ □ ■ □ ■ □ ■ ■ □ ■ □ ■ □ ■ □ □ ■ □ □ ■ □ □ ■ □ □ ■ ■ □ ■ □ ■ □ ■ ■ □ □ ■ □ □ ■ ■ □ ■ ■ □ □ ■ □ ■ ■ □ ■ □ □ ■ ■ □ ■ □ □ ■ ■ □ □ ■ □ ■ □ ■ □ ■ □ ■ □ □ ■ □ □ ■ □ □ ■ ■ □ □ ■ □ ■ □
 □ □ ■ ■ □ ■ □ ■ ■ □ ■ ■ □ □ ■ □ □ ■ ■ □ □ ■ ■ □ ■ □ ■ □ ■ ■ □ ■ □ ■ ■ □ □ ■ ■ □ ■ □ ■ □ □ ■ ■ □ □ ■ ■ □ ■ □ ■ □ ■ □ ■ □ □ ■ ■ □ □ ■ ■ □ ■ □ □ ■ □ ■ □ □ ■ ■ □ ■ □ ■ □ □ ■ □ ■ ■ □ ■ □ □ ■ □ ■ □ □ ■ □ □ ■ □ ■ □ ■ ■ □ ■ □ ■
 ■ ■ □ □ ■ ■ □ □ ■ ■ □ □ ■ ■ □ ■ □ ■ □ ■ ■ □ □ ■ ■ □ ■ □ □ ■ □ ■ ■ □ □ ■ ■ □ □ ■ □ ■ □ ■ ■ □ □ ■ ■ □ □ ■ □ ■ □ ■ □ ■ □ ■ ■ □ □ ■ □ ■ □ ■ □ □ ■ □ □ ■ ■ □ □ ■ □ ■ ■ □ □ ■ □ ■ ■ □ ■ □ ■ □ □ ■ □ ■ ■ □ ■ □ □ ■ □ □ ■ □ ■ ■ □ ■
 ■ ■ □ ■ ■ □ ■ ■ □ □ ■ □ □ ■ ■ □ ■ □ □ ■ ■ □ □ ■ □ ■ □ ■ ■ □ ■ □ □ ■ □ ■ □ □ ■ □ ■ □ ■ □ ■ ■ □ ■ □ ■ ■ □ ■ □ ■ □ ■ □ ■ □ □ ■ □ □ ■ □ □ ■ □ ■ □ ■ ■ □ □ ■ ■ □ ■ □ ■ □ ■ □ ■ ■ □ ■ □ □ ■ ■ □ ■ □ ■ ■ □ □ ■ ■ □ □ ■ □ □ ■ □ ■ □
 □ □ ■ ■ □ □ ■ ■ □ □ ■ ■ □ □ ■ □ □ ■ ■ □ □ ■ ■ □ ■ □ ■ □ ■ □ ■ □ ■ □ ■ □ □ ■ ■ □ □ ■ □ ■ □ ■ ■ □ □ ■ □ □ ■ ■ □ ■ ■ □ ■ □ ■ □ ■ ■ □ □ ■ □ ■ □ ■ ■ □ ■ ■ □ ■ □ □ ■ □ ■ □ ■ □ □ ■ □ ■ ■ □ ■ ■ □ ■ □ □ ■ □ ■ ■ □ ■ □ ■ ■ □ ■ □ □
 □ ■ ■ □ □ ■ □ □ ■ ■ □ □ ■ ■ □ ■ □ □ ■ ■ □ □ ■ □ □ ■ □ ■ □ ■ □ ■ □ ■ □ ■ ■ □ □ ■ ■ □ ■ □ ■ □ ■ □ ■ □ ■ ■ □ □ ■ ■ □ ■ □ ■ □ ■ □ □ ■ ■ □ ■ ■ □ ■ □ ■ □ ■ □ □ ■ ■ □ ■ □ ■ ■ □ ■ □ □ ■ □ ■ □ □ ■ ■ □ ■ □ ■ □ □ ■ □ ■ □ ■ □ □ ■ ■
 ■ □ □ ■ ■ □ ■ □ ■ □ □ ■ □ □ ■ □ ■ ■ □ □ ■ ■ □ ■ ■ □ ■ □ ■ □ □ ■ ■ □ □ ■ □ □ ■ ■ □ ■ ■ □ □ ■ □ ■ □ ■ □ □ ■ ■ □ □ ■ ■ □ ■ ■ □ ■ ■ □ □ ■ □ □ ■ □ ■ □ ■ □ ■ □ ■ □ ■ □ ■ □ □ ■ □ ■ ■ □ ■ □ ■ □ ■ □ ■ □ □ ■ ■ □ ■ ■ □ ■ □ ■ ■ □ □
 □ ■ ■ □ □ ■ □ ■ □ ■ ■ □ □ ■ □ ■ □ ■ □ ■ □ ■ □ □ ■ ■ □ ■ □ ■ ■ □ □ ■ ■ □ □ ■ □ □ ■ □ □ ■ ■ □ ■ □ □ ■ ■ □ □ ■ □ ■ □ □ ■ □ □ ■ ■ □ ■ ■ □ □ ■ ■ □ □ ■ □ ■ □ ■ □ ■ ■ □ ■ ■ □ ■ ■ □ ■ □ ■ ■ □ ■ □ □ ■ □ ■ □ ■ ■ □ □ ■ □ □ ■ ■ □ ■
 □ ■ ■ □ □ ■ □ ■ ■ □ ■ □ ■ □ ■ ■ □ □ ■ ■ □ □ ■ □ □ ■ ■ □ ■ □ ■ □ □ ■ □ □ ■ □ □ ■ □ ■ ■ □ □ ■ ■ □ ■ □ □ ■ □ □ ■ ■ □ ■ ■ □ ■ □ □ ■ □ ■ □ ■ ■ □ ■ □ ■ □ □ ■ □ □ ■ □ ■ □ ■ ■ □ ■ ■ □ ■ □ ■ ■ □ ■ ■ □ ■ ■ □ □ ■ ■ □ □ ■ ■ □ □ ■ □